	label
0	1
1	1
2	1
3	1
4	1
5	1
6	1
7	1
8	1
9	1
10	1
11	1
12	1
13	1
14	1
15	1
16	1
17	1
18	1
19	1
20	1
21	1
22	1
23	1
24	1
25	1
26	1
27	1
28	1
29	1
30	1
31	1
32	1
33	1
34	1
35	1
36	1
37	1
38	1
39	1
40	1
41	1
42	1
43	1
44	1
45	1
46	1
47	1
48	1
49	1
50	1
51	1
52	1
53	1
54	1
55	1
56	1
57	1
58	1
59	1
60	1
61	1
62	1
63	1
64	1
65	1
66	1
67	1
68	1
69	1
70	1
71	1
72	1
73	1
74	1
75	1
76	1
77	1
78	1
79	1
80	1
81	1
82	1
83	1
84	1
85	1
86	1
87	1
88	1
89	1
90	1
91	1
92	1
93	1
94	1
95	1
96	1
97	1
98	1
99	1
100	1
101	1
102	1
103	1
104	1
105	1
106	1
107	1
108	1
109	1
110	1
111	1
112	1
113	1
114	1
115	1
116	1
117	1
118	1
119	1
120	1
121	1
122	1
123	1
124	1
125	1
126	1
127	1
128	1
129	1
130	1
131	1
132	1
133	1
134	1
135	1
136	1
137	1
138	1
139	1
140	1
141	1
142	1
143	1
144	1
145	1
146	1
147	1
148	1
149	1
150	1
151	1
152	1
153	1
154	1
155	1
156	1
157	1
158	1
159	1
160	1
161	1
162	1
163	1
164	1
165	1
166	1
167	1
168	1
169	1
170	1
171	1
172	1
173	1
174	1
175	1
176	1
177	1
178	1
179	1
180	1
181	1
182	1
183	1
184	1
185	1
186	1
187	1
188	1
189	1
190	1
191	1
192	1
193	1
194	1
195	1
196	1
197	1
198	1
199	1
200	1
201	1
202	1
203	1
204	1
205	1
206	1
207	1
208	1
209	1
210	1
211	1
212	1
213	1
214	1
215	1
216	1
217	1
218	1
219	1
220	1
221	1
222	1
223	1
224	1
225	1
226	1
227	1
228	1
229	1
230	1
231	1
232	1
233	1
234	1
235	1
236	1
237	1
238	1
239	1
240	1
241	1
242	1
243	1
244	1
245	1
246	1
247	1
248	1
249	1
250	1
251	1
252	1
253	1
254	1
255	1
256	1
257	1
258	1
259	1
260	1
261	1
262	1
263	1
264	1
265	1
266	1
267	1
268	1
269	1
270	1
271	1
272	1
273	1
274	1
275	1
276	1
277	1
278	1
279	1
280	1
281	1
282	1
283	1
284	1
285	1
286	1
287	1
288	1
289	1
290	1
291	1
292	1
293	1
294	1
295	1
296	1
297	1
298	1
299	1
300	1
301	1
302	1
303	1
304	1
305	1
306	1
307	1
308	1
309	1
310	1
311	1
312	1
313	1
314	1
315	1
316	1
317	1
318	1
319	1
320	1
321	1
322	1
323	1
324	1
325	1
326	1
327	1
328	1
329	1
330	1
331	1
332	1
333	1
334	1
335	1
336	1
337	1
338	1
339	1
340	1
341	1
342	1
343	1
344	1
345	1
346	1
347	1
348	1
349	1
350	1
351	1
352	1
353	1
354	1
355	1
356	1
357	1
358	1
359	1
360	1
361	1
362	1
363	1
364	1
365	1
366	1
367	1
368	1
369	1
370	1
371	1
372	1
373	1
374	1
375	1
376	1
377	1
378	1
379	1
380	1
381	1
382	1
383	1
384	1
385	1
386	1
387	1
388	1
389	1
390	1
391	1
392	1
393	1
394	1
395	1
396	1
397	1
398	1
399	1
400	1
401	1
402	1
403	1
404	1
405	1
406	1
407	1
408	1
409	1
410	1
411	1
412	1
413	1
414	1
415	1
416	1
417	1
418	1
419	1
420	1
421	1
422	1
423	1
424	1
425	1
426	1
427	1
428	1
429	1
430	1
431	1
432	1
433	1
434	1
435	1
436	1
437	1
438	1
439	1
440	1
441	1
442	1
443	1
444	1
445	1
446	1
447	1
448	1
449	1
450	1
451	1
452	1
453	1
454	1
455	1
456	1
457	1
458	1
459	1
460	1
461	1
462	1
463	1
464	1
465	1
466	1
467	1
468	1
469	1
470	1
471	1
472	1
473	1
474	1
475	1
476	1
477	1
478	1
479	1
480	1
481	1
482	1
483	1
484	1
485	1
486	1
487	1
488	1
489	1
490	1
491	1
492	1
493	1
494	1
495	1
496	1
497	1
498	1
499	1
500	1
501	1
502	1
503	1
504	1
505	1
506	1
507	1
508	1
509	1
510	1
511	1
512	1
513	1
514	1
515	1
516	1
517	1
518	1
519	1
520	1
521	1
522	1
523	1
524	1
525	1
526	1
527	1
528	1
529	1
530	1
531	1
532	1
533	1
534	1
535	1
536	1
537	1
538	1
539	1
540	1
541	1
542	1
543	1
544	1
545	1
546	1
547	1
548	1
549	1
550	1
551	1
552	1
553	1
554	1
555	1
556	1
557	1
558	1
559	1
560	1
561	1
562	1
563	1
564	1
565	1
566	1
567	1
568	1
569	1
570	1
571	1
572	1
573	1
574	1
575	1
576	1
577	1
578	1
579	1
580	1
581	1
582	1
583	1
584	1
585	1
586	1
587	1
588	1
589	1
590	1
591	1
592	1
593	1
594	1
595	1
596	1
597	1
598	1
599	1
600	1
601	1
602	1
603	1
604	1
605	1
606	1
607	1
608	1
609	1
610	1
611	1
612	1
613	1
614	1
615	1
616	1
617	1
618	1
619	1
620	1
621	1
622	1
623	1
624	1
625	1
626	1
627	1
628	1
629	1
630	1
631	1
632	1
633	1
634	1
635	1
636	1
637	1
638	1
639	1
640	1
641	1
642	1
643	1
644	1
645	1
646	1
647	1
648	1
649	1
650	1
651	1
652	1
653	1
654	1
655	1
656	1
657	1
658	1
659	1
660	1
661	1
662	1
663	1
664	1
665	1
666	1
667	1
668	1
669	1
670	1
671	1
672	1
673	1
674	1
675	1
676	1
677	1
678	1
679	1
680	1
681	1
682	1
683	1
684	1
685	1
686	1
687	1
688	1
689	1
690	1
691	1
692	1
693	1
694	1
695	1
696	1
697	1
698	1
699	1
700	1
701	1
702	1
703	1
704	1
705	1
706	1
707	1
708	1
709	1
710	1
711	1
712	1
713	1
714	1
715	1
716	1
717	1
718	1
719	1
720	1
721	1
722	1
723	1
724	1
725	1
726	1
727	1
728	1
729	1
730	1
731	1
732	1
733	1
734	1
735	1
736	1
737	1
738	1
739	1
740	1
741	1
742	1
743	1
744	1
745	1
746	1
747	1
748	1
749	1
750	1
751	1
752	1
753	1
754	1
755	1
756	1
757	1
758	1
759	1
760	1
761	1
762	1
763	1
764	1
765	1
766	1
767	1
768	1
769	1
770	1
771	1
772	1
773	1
774	1
775	1
776	1
777	1
778	1
779	1
780	1
781	1
782	1
783	1
784	1
785	1
786	1
787	1
788	1
789	1
790	1
791	1
792	1
793	1
794	1
795	1
796	1
797	1
798	1
799	1
800	1
801	1
802	1
803	1
804	1
805	1
806	1
807	1
808	1
809	1
810	1
811	1
812	1
813	1
814	1
815	1
816	1
817	1
818	1
819	1
820	1
821	1
822	1
823	1
824	1
825	1
826	1
827	1
828	1
829	1
830	1
831	1
832	1
833	1
834	1
835	1
836	1
837	1
838	1
839	1
840	1
841	1
842	1
843	1
844	1
845	1
846	1
847	1
848	1
849	1
850	1
851	1
852	1
853	1
854	1
855	1
856	1
857	1
858	1
859	1
860	1
861	1
862	1
863	1
864	1
865	1
866	1
867	1
868	1
869	1
870	1
871	1
872	1
873	1
874	1
875	1
876	1
877	1
878	1
879	1
880	1
881	1
882	1
883	1
884	1
885	1
886	1
887	1
888	1
889	1
890	1
891	1
892	1
893	1
894	1
895	1
896	1
897	1
898	1
899	1
900	1
901	1
902	1
903	1
904	1
905	1
906	1
907	1
908	1
909	1
910	1
911	1
912	1
913	1
914	1
915	1
916	1
917	1
918	1
919	1
920	1
921	1
922	1
923	1
924	1
925	1
926	1
927	1
928	1
929	1
930	1
931	1
932	1
933	1
934	1
935	1
936	1
937	1
938	1
939	1
940	1
941	1
942	1
943	1
944	1
945	1
946	1
947	1
948	1
949	1
950	1
951	1
952	1
953	1
954	1
955	1
956	1
957	1
958	1
959	1
960	1
961	1
962	1
963	1
964	1
965	1
966	1
967	1
968	1
969	1
970	1
971	1
972	1
973	1
974	1
975	1
976	1
977	1
978	1
979	1
980	1
981	1
982	1
983	1
984	1
985	1
986	1
987	1
988	1
989	1
990	1
991	1
992	1
993	1
994	1
995	1
996	1
997	1
998	1
999	1
1000	1
1001	1
1002	1
1003	1
1004	1
1005	1
1006	1
1007	1
1008	1
1009	1
1010	1
1011	1
1012	1
1013	1
1014	1
1015	1
1016	1
1017	1
1018	1
1019	1
1020	1
1021	1
1022	1
1023	1
1024	1
1025	1
1026	1
1027	1
1028	1
1029	1
1030	1
1031	1
1032	1
1033	1
1034	1
1035	1
1036	1
1037	1
1038	1
1039	1
1040	1
1041	1
1042	1
1043	1
1044	1
1045	1
1046	1
1047	1
1048	1
1049	1
1050	1
1051	1
1052	1
1053	1
1054	1
1055	1
1056	1
1057	1
1058	1
1059	1
1060	1
1061	1
1062	1
1063	1
1064	1
1065	1
1066	1
1067	1
1068	1
1069	1
1070	1
1071	1
1072	1
1073	1
1074	1
1075	1
1076	1
1077	1
1078	1
1079	1
1080	1
1081	1
1082	1
1083	1
1084	1
1085	1
1086	1
1087	1
1088	1
1089	1
1090	1
1091	1
1092	1
1093	1
1094	1
1095	1
1096	1
1097	1
1098	1
1099	1
1100	1
1101	1
1102	1
1103	1
1104	1
1105	1
1106	1
1107	1
1108	1
1109	1
1110	1
1111	1
1112	1
1113	1
1114	1
1115	1
1116	1
1117	1
1118	1
1119	1
1120	1
1121	1
1122	1
1123	1
1124	1
1125	1
1126	1
1127	1
1128	1
1129	1
1130	1
1131	1
1132	1
1133	1
1134	1
1135	1
1136	1
1137	1
1138	1
1139	1
1140	1
1141	1
1142	1
1143	1
1144	1
1145	1
1146	1
1147	1
1148	1
1149	1
1150	1
1151	1
1152	1
1153	1
1154	1
1155	1
1156	1
1157	1
1158	1
1159	1
1160	1
1161	1
1162	1
1163	1
1164	1
1165	1
1166	1
1167	1
1168	1
1169	1
1170	1
1171	1
1172	1
1173	1
1174	1
1175	1
1176	1
1177	1
1178	1
1179	1
1180	1
1181	1
1182	1
1183	1
1184	1
1185	1
1186	1
1187	1
1188	1
1189	1
1190	1
1191	1
1192	1
1193	1
1194	1
1195	1
1196	1
1197	1
1198	1
1199	1
1200	1
1201	1
1202	1
1203	1
1204	1
1205	1
1206	1
1207	1
1208	1
1209	1
1210	1
1211	1
1212	1
1213	1
1214	1
1215	1
1216	1
1217	1
1218	1
1219	1
1220	1
1221	1
1222	1
1223	1
1224	1
1225	1
1226	1
1227	1
1228	1
1229	1
1230	1
1231	1
1232	1
1233	1
1234	1
1235	1
1236	1
1237	1
1238	1
1239	1
1240	1
1241	1
1242	1
1243	1
1244	1
1245	1
1246	1
1247	1
1248	1
1249	1
1250	1
1251	1
1252	1
1253	1
1254	1
1255	1
1256	1
1257	1
1258	1
1259	1
1260	1
1261	1
1262	1
1263	1
1264	1
1265	1
1266	1
1267	1
1268	1
1269	1
1270	1
1271	1
1272	1
1273	1
1274	1
1275	1
1276	1
1277	1
1278	1
1279	1
1280	1
1281	1
1282	1
1283	1
1284	1
1285	1
1286	1
1287	1
1288	1
1289	1
1290	1
1291	1
1292	1
1293	1
1294	1
1295	1
1296	1
1297	1
1298	1
1299	1
1300	1
1301	1
1302	1
1303	1
1304	1
1305	1
1306	1
1307	1
1308	1
1309	1
1310	1
1311	1
1312	1
1313	1
1314	1
1315	1
1316	1
1317	1
1318	1
1319	1
1320	1
1321	1
1322	1
1323	1
1324	1
1325	1
1326	1
1327	1
1328	1
1329	1
1330	1
1331	1
1332	1
1333	1
1334	1
1335	1
1336	1
1337	1
1338	1
1339	1
1340	1
1341	1
1342	1
1343	1
1344	1
1345	1
1346	1
1347	1
1348	1
1349	1
1350	1
1351	1
1352	1
1353	1
1354	1
1355	1
1356	1
1357	1
1358	1
1359	1
1360	1
1361	1
1362	1
1363	1
1364	1
1365	1
1366	1
1367	1
1368	1
1369	1
1370	1
1371	1
1372	1
1373	1
1374	1
1375	1
1376	1
1377	1
1378	1
1379	1
1380	1
1381	1
1382	1
1383	1
1384	1
1385	1
1386	1
1387	1
1388	1
1389	1
1390	1
1391	1
1392	1
1393	1
1394	1
1395	1
1396	1
1397	1
1398	1
1399	1
1400	1
1401	1
1402	1
1403	1
1404	1
1405	1
1406	1
1407	1
1408	1
1409	1
1410	1
1411	1
1412	1
1413	1
1414	1
1415	1
1416	1
1417	1
1418	1
1419	1
1420	1
1421	1
1422	1
1423	1
1424	1
1425	1
1426	1
1427	1
1428	1
1429	1
1430	1
1431	1
1432	1
1433	1
1434	1
1435	1
1436	1
1437	1
1438	1
1439	1
1440	1
1441	1
1442	1
1443	1
1444	1
1445	1
1446	1
1447	1
1448	1
1449	1
1450	1
1451	1
1452	1
1453	1
1454	1
1455	1
1456	1
1457	1
1458	1
1459	1
1460	1
1461	1
1462	1
1463	1
1464	1
1465	1
1466	1
1467	1
1468	1
1469	1
1470	1
1471	1
1472	1
1473	1
1474	1
1475	1
1476	1
1477	1
1478	1
1479	1
1480	1
1481	1
1482	1
1483	1
1484	1
1485	1
1486	1
1487	1
1488	1
1489	1
1490	1
1491	1
1492	1
1493	1
1494	1
1495	1
1496	1
1497	1
1498	1
1499	1
1500	1
1501	1
1502	1
1503	1
1504	1
1505	1
1506	1
1507	1
1508	1
1509	1
1510	1
1511	1
1512	1
1513	1
1514	1
1515	1
1516	1
1517	1
1518	1
1519	1
1520	1
1521	1
1522	1
1523	1
1524	1
1525	1
1526	1
1527	1
1528	1
1529	1
1530	1
1531	1
1532	1
1533	1
1534	1
1535	1
1536	1
1537	1
1538	1
1539	1
1540	1
1541	1
1542	1
1543	1
1544	1
1545	1
1546	1
1547	1
1548	1
1549	1
1550	1
1551	1
1552	1
1553	1
1554	1
1555	1
1556	1
1557	1
1558	1
1559	1
1560	1
1561	1
1562	1
1563	1
1564	1
1565	1
1566	1
1567	1
1568	1
1569	1
1570	1
1571	1
1572	1
1573	1
1574	1
1575	1
1576	1
1577	1
1578	1
1579	1
1580	1
1581	1
1582	1
1583	1
1584	1
1585	1
1586	1
1587	1
1588	1
1589	1
1590	1
1591	1
1592	1
1593	1
1594	1
1595	1
1596	1
1597	1
1598	1
1599	1
1600	1
1601	1
1602	1
1603	1
1604	1
1605	1
1606	1
1607	1
1608	1
1609	1
1610	1
1611	1
1612	1
1613	1
1614	1
1615	1
1616	1
1617	1
1618	1
1619	1
1620	1
1621	1
1622	1
1623	1
1624	1
1625	1
1626	1
1627	1
1628	1
1629	1
1630	1
1631	1
1632	1
1633	1
1634	1
1635	1
1636	1
1637	1
1638	1
1639	1
1640	1
1641	1
1642	1
1643	1
1644	1
1645	1
1646	1
1647	1
1648	1
1649	1
1650	1
1651	1
1652	1
1653	1
1654	1
1655	1
1656	1
1657	1
1658	1
1659	1
1660	1
1661	1
1662	1
1663	1
1664	1
1665	1
1666	1
1667	1
1668	1
1669	1
1670	1
1671	1
1672	1
1673	1
1674	1
1675	1
1676	1
1677	1
1678	1
1679	1
1680	1
1681	1
1682	1
1683	1
1684	1
1685	1
1686	1
1687	1
1688	1
1689	1
1690	1
1691	1
1692	1
1693	1
1694	1
1695	1
1696	1
1697	1
1698	1
1699	1
1700	1
1701	1
1702	1
1703	1
1704	1
1705	1
1706	1
1707	1
1708	1
1709	1
1710	1
1711	1
1712	1
1713	1
1714	1
1715	1
1716	1
1717	1
1718	1
1719	1
1720	1
1721	1
1722	1
1723	1
1724	1
1725	1
1726	1
1727	1
1728	1
1729	1
1730	1
1731	1
1732	1
1733	1
1734	1
1735	1
1736	1
1737	1
1738	1
1739	1
1740	1
1741	1
1742	1
1743	1
1744	1
1745	1
1746	1
1747	1
1748	1
1749	1
1750	1
1751	1
1752	1
1753	1
1754	1
1755	1
1756	1
1757	1
1758	1
1759	1
1760	1
1761	1
1762	1
1763	1
1764	1
1765	1
1766	1
1767	1
1768	1
1769	1
1770	1
1771	1
1772	1
1773	1
1774	1
1775	1
1776	1
1777	1
1778	1
1779	1
1780	1
1781	1
1782	1
1783	1
1784	1
1785	1
1786	1
1787	1
1788	1
1789	1
1790	1
1791	1
1792	1
1793	1
1794	1
1795	1
1796	1
1797	1
1798	1
1799	1
1800	1
1801	1
1802	1
1803	1
1804	1
1805	1
1806	1
1807	1
1808	1
1809	1
1810	1
1811	1
1812	1
1813	1
1814	1
1815	1
1816	1
1817	1
1818	1
1819	1
1820	1
1821	1
1822	1
1823	1
1824	1
1825	1
1826	1
1827	1
1828	1
1829	1
1830	1
1831	1
1832	1
1833	1
1834	1
1835	1
1836	1
1837	1
1838	1
1839	1
1840	1
1841	1
1842	1
1843	1
1844	1
1845	1
1846	1
1847	1
1848	1
1849	1
1850	1
1851	1
1852	1
1853	1
1854	1
1855	1
1856	1
1857	1
1858	1
1859	1
1860	1
1861	1
1862	1
1863	1
1864	1
1865	1
1866	1
1867	1
1868	1
1869	1
1870	1
1871	1
1872	1
1873	1
1874	1
1875	1
1876	1
1877	1
1878	1
1879	1
1880	1
1881	1
1882	1
1883	1
1884	1
1885	1
1886	1
1887	1
1888	1
1889	1
1890	1
1891	1
1892	1
1893	1
1894	1
1895	1
1896	1
1897	1
1898	1
1899	1
1900	1
1901	1
1902	1
1903	1
1904	1
1905	1
1906	1
1907	1
1908	1
1909	1
1910	1
1911	1
1912	1
1913	1
1914	1
1915	1
1916	1
1917	1
1918	1
1919	1
1920	1
1921	1
1922	1
1923	1
1924	1
1925	1
1926	1
1927	1
1928	1
1929	1
1930	1
1931	1
1932	1
1933	1
1934	1
1935	1
1936	1
1937	1
1938	1
1939	1
1940	1
1941	1
1942	1
1943	1
1944	1
1945	1
1946	1
1947	1
1948	1
1949	1
1950	1
1951	1
1952	1
1953	1
1954	1
1955	1
1956	1
1957	1
1958	1
1959	1
1960	1
1961	1
1962	1
1963	1
1964	1
1965	1
1966	1
1967	1
1968	1
1969	1
1970	1
1971	1
1972	1
1973	1
1974	1
1975	1
1976	1
1977	1
1978	1
1979	1
1980	1
1981	1
1982	1
1983	1
1984	1
1985	1
1986	1
1987	1
1988	1
1989	1
1990	1
1991	1
1992	1
1993	1
1994	1
1995	1
1996	1
1997	1
1998	1
1999	1
2000	1
2001	1
2002	1
2003	1
2004	1
2005	1
2006	1
2007	1
2008	1
2009	1
2010	1
2011	1
2012	1
2013	1
2014	1
2015	1
2016	1
2017	1
2018	1
2019	1
2020	1
2021	1
2022	1
2023	1
2024	1
2025	1
2026	1
2027	1
2028	1
2029	1
2030	1
2031	1
2032	1
2033	1
2034	1
2035	1
2036	1
2037	1
2038	1
2039	1
2040	1
2041	1
2042	1
2043	1
2044	1
2045	1
2046	1
2047	1
2048	1
2049	1
2050	1
2051	1
2052	1
2053	1
2054	1
2055	1
2056	1
2057	1
2058	1
2059	1
2060	1
2061	1
2062	1
2063	1
2064	1
2065	1
2066	1
2067	1
2068	1
2069	1
2070	1
2071	1
2072	1
2073	1
2074	1
2075	1
2076	1
2077	1
2078	1
2079	1
2080	1
2081	1
2082	1
2083	1
2084	1
2085	1
2086	1
2087	1
2088	1
2089	1
2090	1
2091	1
2092	1
2093	1
2094	1
2095	1
2096	1
2097	1
2098	1
2099	1
2100	1
2101	1
2102	1
2103	1
2104	1
2105	1
2106	1
2107	1
2108	1
2109	1
2110	1
2111	1
2112	1
2113	1
2114	1
2115	1
2116	1
2117	1
2118	1
2119	1
2120	1
2121	1
2122	1
2123	1
2124	1
2125	1
2126	1
2127	1
2128	1
2129	1
2130	1
2131	1
2132	1
2133	1
2134	1
2135	1
2136	1
2137	1
2138	1
2139	1
2140	1
2141	1
2142	1
2143	1
2144	1
2145	1
2146	1
2147	1
2148	1
2149	1
2150	1
2151	1
2152	1
2153	1
2154	1
2155	1
2156	1
2157	1
2158	1
2159	1
2160	1
2161	1
2162	1
2163	1
2164	1
2165	1
2166	1
2167	1
2168	1
2169	1
2170	1
2171	1
2172	1
2173	1
2174	1
2175	1
2176	1
2177	1
2178	1
2179	1
2180	1
2181	1
2182	1
2183	1
2184	1
2185	1
2186	1
2187	1
2188	1
2189	1
2190	1
2191	1
2192	1
2193	1
2194	1
2195	1
2196	1
2197	1
2198	1
2199	1
2200	1
2201	1
2202	1
2203	1
2204	1
2205	1
2206	1
2207	1
2208	1
2209	1
2210	1
2211	1
2212	1
2213	1
2214	1
2215	1
2216	1
2217	1
2218	1
2219	1
2220	1
2221	1
2222	1
2223	1
2224	1
2225	1
2226	1
2227	1
2228	1
2229	1
2230	1
2231	1
2232	1
2233	1
2234	1
2235	1
2236	1
2237	1
2238	1
2239	1
2240	1
2241	1
2242	1
2243	1
2244	1
2245	1
2246	1
2247	1
2248	1
2249	1
2250	1
2251	1
2252	1
2253	1
2254	1
2255	1
2256	1
2257	1
2258	1
2259	1
2260	1
2261	1
2262	1
2263	1
2264	1
2265	1
2266	1
2267	1
2268	1
2269	1
2270	1
2271	1
2272	1
2273	1
2274	1
2275	1
2276	1
2277	1
2278	1
2279	1
2280	1
2281	1
2282	1
2283	1
2284	1
2285	1
2286	1
2287	1
2288	1
2289	1
2290	1
2291	1
2292	1
2293	1
2294	1
2295	1
2296	1
2297	1
2298	1
2299	1
2300	1
2301	1
2302	1
2303	1
2304	1
2305	1
2306	1
2307	1
2308	1
2309	1
2310	1
2311	1
2312	1
2313	1
2314	1
2315	1
2316	1
2317	1
2318	1
2319	1
2320	1
2321	1
2322	1
2323	1
2324	1
2325	1
2326	1
2327	1
2328	1
2329	1
2330	1
2331	1
2332	1
2333	1
2334	1
2335	1
2336	1
2337	1
2338	1
2339	1
2340	1
2341	1
2342	1
2343	1
2344	1
2345	1
2346	1
2347	1
2348	1
2349	1
2350	1
2351	1
2352	1
2353	1
2354	1
2355	1
2356	1
2357	1
2358	1
2359	1
2360	1
2361	1
2362	1
2363	1
2364	1
2365	1
2366	1
2367	1
2368	1
2369	1
2370	1
2371	1
2372	1
2373	1
2374	1
2375	1
2376	1
2377	1
2378	1
2379	1
2380	1
2381	1
2382	1
2383	1
2384	1
2385	1
2386	1
2387	1
2388	1
2389	1
2390	1
2391	1
2392	1
2393	1
2394	1
2395	1
2396	1
2397	1
2398	1
2399	1
2400	1
2401	1
2402	1
2403	1
2404	1
2405	1
2406	1
2407	1
2408	1
2409	1
2410	1
2411	1
2412	1
2413	1
2414	1
2415	1
2416	1
2417	1
2418	1
2419	1
2420	1
2421	1
2422	1
2423	1
2424	1
2425	1
2426	1
2427	1
2428	1
2429	1
2430	1
2431	1
2432	1
2433	1
2434	1
2435	1
2436	1
2437	1
2438	1
2439	1
2440	1
2441	1
2442	1
2443	1
2444	1
2445	1
2446	1
2447	1
2448	1
2449	1
2450	1
2451	1
2452	1
2453	1
2454	1
2455	1
2456	1
2457	1
2458	1
2459	1
2460	1
2461	1
2462	1
2463	1
2464	1
2465	1
2466	1
2467	1
2468	1
2469	1
2470	1
2471	1
2472	1
2473	1
2474	1
2475	1
2476	1
2477	1
2478	1
2479	1
2480	1
2481	1
2482	1
2483	1
2484	1
2485	1
2486	1
2487	1
2488	1
2489	1
2490	1
2491	1
2492	1
2493	1
2494	1
2495	1
2496	1
2497	1
2498	1
2499	1
2500	1
2501	1
2502	1
2503	1
2504	1
2505	1
2506	1
2507	1
2508	1
2509	1
2510	1
2511	1
2512	1
2513	1
2514	1
2515	1
2516	1
2517	1
2518	1
2519	1
2520	1
2521	1
2522	1
2523	1
2524	1
2525	1
2526	1
2527	1
2528	1
2529	1
2530	1
2531	1
2532	1
2533	1
2534	1
2535	1
2536	1
2537	1
2538	1
2539	1
2540	1
2541	1
2542	1
2543	1
2544	1
2545	1
2546	1
2547	1
2548	1
2549	1
2550	1
2551	1
2552	1
2553	1
2554	1
2555	1
2556	1
2557	1
2558	1
2559	1
2560	1
2561	1
2562	1
2563	1
2564	1
2565	1
2566	1
2567	1
2568	1
2569	1
2570	1
2571	1
2572	1
2573	1
2574	1
2575	1
2576	1
2577	1
2578	1
2579	1
2580	1
2581	1
2582	1
2583	1
2584	1
2585	1
2586	1
2587	1
2588	1
2589	1
2590	1
2591	1
2592	1
2593	1
2594	1
2595	1
2596	1
2597	1
2598	1
2599	1
2600	1
2601	1
2602	1
2603	1
2604	1
2605	1
2606	1
2607	1
2608	1
2609	1
2610	1
2611	1
2612	1
2613	1
2614	1
2615	1
2616	1
2617	1
2618	1
2619	1
2620	1
2621	1
2622	1
2623	1
2624	1
2625	1
2626	1
2627	1
2628	1
2629	1
2630	1
2631	1
2632	1
2633	1
2634	1
2635	1
2636	1
2637	1
2638	1
2639	1
2640	1
2641	1
2642	1
2643	1
2644	1
2645	1
2646	1
2647	1
2648	1
2649	1
2650	1
2651	1
2652	1
2653	1
2654	1
2655	1
2656	1
2657	1
2658	1
2659	1
2660	1
2661	1
2662	1
2663	1
2664	1
2665	1
2666	1
2667	1
2668	1
2669	1
2670	1
2671	1
2672	1
2673	1
2674	1
2675	1
2676	1
2677	1
2678	1
2679	1
2680	1
2681	1
2682	1
2683	1
2684	1
2685	1
2686	1
2687	1
2688	1
2689	1
2690	1
2691	1
2692	1
2693	1
2694	1
2695	1
2696	1
2697	1
2698	1
2699	1
2700	1
2701	1
2702	1
2703	1
2704	1
2705	1
2706	1
2707	1
2708	1
2709	1
2710	1
2711	1
2712	1
2713	1
2714	1
2715	1
2716	1
2717	1
2718	1
2719	1
2720	1
2721	1
2722	1
2723	1
2724	1
2725	1
2726	1
2727	1
2728	1
2729	1
2730	1
2731	1
2732	1
2733	1
2734	1
2735	1
2736	1
2737	1
2738	1
2739	1
2740	1
2741	1
2742	1
2743	1
2744	1
2745	1
2746	1
2747	1
2748	1
2749	1
2750	1
2751	1
2752	1
2753	1
2754	1
2755	1
2756	1
2757	1
2758	1
2759	1
2760	1
2761	1
2762	1
2763	1
2764	1
2765	1
2766	1
2767	1
2768	1
2769	1
2770	1
2771	1
2772	1
2773	1
2774	1
2775	1
2776	1
2777	1
2778	1
2779	1
2780	1
2781	1
2782	1
2783	1
2784	1
2785	1
2786	1
2787	1
2788	1
2789	1
2790	1
2791	1
2792	1
2793	1
2794	1
2795	1
2796	1
2797	1
2798	1
2799	1
2800	1
2801	1
2802	1
2803	1
2804	1
2805	1
2806	1
2807	1
2808	1
2809	1
2810	1
2811	1
2812	1
2813	1
2814	1
2815	1
2816	1
2817	1
2818	1
2819	1
2820	1
2821	1
2822	1
2823	1
2824	1
2825	1
2826	1
2827	1
2828	1
2829	1
2830	1
2831	1
2832	1
2833	1
2834	1
2835	1
2836	1
2837	1
2838	1
2839	1
2840	1
2841	1
2842	1
2843	1
2844	1
2845	1
2846	1
2847	1
2848	1
2849	1
2850	1
2851	1
2852	1
2853	1
2854	1
2855	1
2856	1
2857	1
2858	1
2859	1
2860	1
2861	1
2862	1
2863	1
2864	1
2865	1
2866	1
2867	1
2868	1
2869	1
2870	1
2871	1
2872	1
2873	1
2874	1
2875	1
2876	1
2877	1
2878	1
2879	1
2880	1
2881	1
2882	1
2883	1
2884	1
2885	1
2886	1
2887	1
2888	1
2889	1
2890	1
2891	1
2892	1
2893	1
2894	1
2895	1
2896	1
2897	1
2898	1
2899	1
2900	1
2901	1
2902	1
2903	1
2904	1
2905	1
2906	1
2907	1
2908	1
2909	1
2910	1
2911	1
2912	1
2913	1
2914	1
2915	1
2916	1
2917	1
2918	1
2919	1
2920	1
2921	1
2922	1
2923	1
2924	1
2925	1
2926	1
2927	1
2928	1
2929	1
2930	1
2931	1
2932	1
2933	1
2934	1
2935	1
2936	1
2937	1
2938	1
2939	1
2940	1
2941	1
2942	1
2943	1
2944	1
2945	1
2946	1
2947	1
2948	1
2949	1
2950	1
2951	1
2952	1
2953	1
2954	1
2955	1
2956	1
2957	1
2958	1
2959	1
2960	1
2961	1
2962	1
2963	1
2964	1
2965	1
2966	1
2967	1
2968	1
2969	1
2970	1
2971	1
2972	1
2973	1
2974	1
2975	1
2976	1
2977	1
2978	1
2979	1
2980	1
2981	1
2982	1
2983	1
2984	1
2985	1
2986	1
2987	1
2988	1
2989	1
2990	1
2991	1
2992	1
2993	1
2994	1
2995	1
2996	1
2997	1
2998	1
2999	1
3000	1
3001	1
3002	1
3003	1
3004	1
3005	1
3006	1
3007	1
3008	1
3009	1
3010	1
3011	1
3012	1
3013	1
3014	1
3015	1
3016	1
3017	1
3018	1
3019	1
3020	1
3021	1
3022	1
3023	1
3024	1
3025	1
3026	1
3027	1
3028	1
3029	1
3030	1
3031	1
3032	1
3033	1
3034	1
3035	1
3036	1
3037	1
3038	1
3039	1
3040	1
3041	1
3042	1
3043	1
3044	1
3045	1
3046	1
3047	1
3048	1
3049	1
3050	1
3051	1
3052	1
3053	1
3054	1
3055	1
3056	1
3057	1
3058	1
3059	1
3060	1
3061	1
3062	1
3063	1
3064	1
3065	1
3066	1
3067	1
3068	1
3069	1
3070	1
3071	1
3072	1
3073	1
3074	1
3075	1
3076	1
3077	1
3078	1
3079	1
3080	1
3081	1
3082	1
3083	1
3084	1
3085	1
3086	1
3087	1
3088	1
3089	1
3090	1
3091	1
3092	1
3093	1
3094	1
3095	1
3096	1
3097	1
3098	1
3099	1
3100	1
3101	1
3102	1
3103	1
3104	1
3105	1
3106	1
3107	1
3108	1
3109	1
3110	1
3111	1
3112	1
3113	1
3114	1
3115	1
3116	1
3117	1
3118	1
3119	1
3120	1
3121	1
3122	1
3123	1
3124	1
3125	1
3126	1
3127	1
3128	1
3129	1
3130	1
3131	1
3132	1
3133	1
3134	1
3135	1
3136	1
3137	1
3138	1
3139	1
3140	1
3141	1
3142	1
3143	1
3144	1
3145	1
3146	1
3147	1
3148	1
3149	1
3150	1
3151	1
3152	1
3153	1
3154	1
3155	1
3156	1
3157	1
3158	1
3159	1
3160	1
3161	1
3162	1
3163	1
3164	1
3165	1
3166	1
3167	1
3168	1
3169	1
3170	1
3171	1
3172	1
3173	1
3174	1
3175	1
3176	1
3177	1
3178	1
3179	1
3180	1
3181	1
3182	1
3183	1
3184	1
3185	1
3186	1
3187	1
3188	1
3189	1
3190	1
3191	1
3192	1
3193	1
3194	1
3195	1
3196	1
3197	1
3198	1
3199	1
3200	1
3201	1
3202	1
3203	1
3204	1
3205	1
3206	1
3207	1
3208	1
3209	1
3210	1
3211	1
3212	1
3213	1
3214	1
3215	1
3216	1
3217	1
3218	1
3219	1
3220	1
3221	1
3222	1
3223	1
3224	1
3225	1
3226	1
3227	1
3228	1
3229	1
3230	1
3231	1
3232	1
3233	1
3234	1
3235	1
3236	1
3237	1
3238	1
3239	1
3240	1
3241	1
3242	1
3243	1
3244	1
3245	1
3246	1
3247	1
3248	1
3249	1
3250	1
3251	1
3252	1
3253	1
3254	1
3255	1
3256	1
3257	1
3258	1
3259	1
3260	1
3261	1
3262	1
3263	1
3264	1
3265	1
3266	1
3267	1
3268	1
3269	1
3270	1
3271	1
3272	1
3273	1
3274	1
3275	1
3276	1
3277	1
3278	1
3279	1
3280	1
3281	1
3282	1
3283	1
3284	1
3285	1
3286	1
3287	1
3288	1
3289	1
3290	1
3291	1
3292	1
3293	1
3294	1
3295	1
3296	1
3297	1
3298	1
3299	1
3300	1
3301	1
3302	1
3303	1
3304	1
3305	2
3306	2
3307	2
3308	2
3309	2
3310	2
3311	2
3312	2
3313	2
3314	2
3315	2
3316	2
3317	2
3318	2
3319	2
3320	2
3321	2
3322	2
3323	2
3324	2
3325	2
3326	2
3327	2
3328	2
3329	2
3330	2
3331	2
3332	2
3333	2
3334	2
3335	2
3336	2
3337	2
3338	2
3339	2
3340	2
3341	2
3342	2
3343	2
3344	2
3345	2
3346	2
3347	2
3348	2
3349	2
3350	2
3351	2
3352	2
3353	2
3354	2
3355	2
3356	2
3357	2
3358	2
3359	2
3360	2
3361	2
3362	2
3363	2
3364	2
3365	2
3366	2
3367	2
3368	2
3369	2
3370	2
3371	2
3372	2
3373	2
3374	2
3375	2
3376	2
3377	2
3378	2
3379	2
3380	2
3381	2
3382	2
3383	2
3384	2
3385	2
3386	2
3387	2
3388	2
3389	2
3390	2
3391	2
3392	2
3393	2
3394	2
3395	2
3396	2
3397	2
3398	2
3399	2
3400	2
3401	2
3402	2
3403	2
3404	2
3405	2
3406	2
3407	2
3408	2
3409	2
3410	2
3411	2
3412	2
3413	2
3414	2
3415	2
3416	2
3417	2
3418	2
3419	2
3420	2
3421	2
3422	2
3423	2
3424	2
3425	2
3426	2
3427	2
3428	2
3429	2
3430	2
3431	2
3432	2
3433	2
3434	2
3435	2
3436	2
3437	2
3438	2
3439	2
3440	2
3441	2
3442	2
3443	2
3444	2
3445	2
3446	2
3447	2
3448	2
3449	2
3450	2
3451	2
3452	2
3453	2
3454	2
3455	2
3456	2
3457	2
3458	2
3459	2
3460	2
3461	2
3462	2
3463	2
3464	2
3465	2
3466	2
3467	2
3468	2
3469	2
3470	2
3471	2
3472	2
3473	2
3474	2
3475	2
3476	2
3477	2
3478	2
3479	2
3480	2
3481	2
3482	2
3483	2
3484	2
3485	2
3486	2
3487	2
3488	2
3489	2
3490	2
3491	2
3492	2
3493	2
3494	2
3495	2
3496	2
3497	2
3498	2
3499	2
3500	2
3501	2
3502	2
3503	2
3504	2
3505	2
3506	2
3507	2
3508	2
3509	2
3510	2
3511	2
3512	2
3513	2
3514	2
3515	2
3516	2
3517	2
3518	2
3519	2
3520	2
3521	2
3522	2
3523	2
3524	2
3525	2
3526	2
3527	2
3528	2
3529	2
3530	2
3531	2
3532	2
3533	2
3534	2
3535	2
3536	2
3537	2
3538	2
3539	2
3540	2
3541	2
3542	2
3543	2
3544	2
3545	2
3546	2
3547	2
3548	2
3549	2
3550	2
3551	2
3552	2
3553	2
3554	2
3555	2
3556	2
3557	2
3558	2
3559	2
3560	2
3561	2
3562	2
3563	2
3564	2
3565	2
3566	2
3567	2
3568	2
3569	2
3570	2
3571	2
3572	2
3573	2
3574	2
3575	2
3576	2
3577	2
3578	2
3579	2
3580	2
3581	2
3582	2
3583	2
3584	2
3585	2
3586	2
3587	2
3588	2
3589	2
3590	2
3591	2
3592	2
3593	2
3594	2
3595	2
3596	2
3597	2
3598	2
3599	2
3600	2
3601	2
3602	2
3603	2
3604	2
3605	2
3606	2
3607	2
3608	2
3609	2
3610	2
3611	2
3612	2
3613	2
3614	2
3615	2
3616	2
3617	2
3618	2
3619	2
3620	2
3621	2
3622	2
3623	2
3624	2
3625	2
3626	2
3627	2
3628	2
3629	2
3630	2
3631	2
3632	2
3633	2
3634	2
3635	2
3636	2
3637	2
3638	2
3639	2
3640	2
3641	2
3642	2
3643	2
3644	2
3645	2
3646	2
3647	2
3648	2
3649	2
3650	2
3651	2
3652	2
3653	2
3654	2
3655	2
3656	2
3657	2
3658	2
3659	2
3660	2
3661	2
3662	2
3663	2
3664	2
3665	2
3666	2
3667	2
3668	2
3669	2
3670	2
3671	2
3672	2
3673	2
3674	2
3675	2
3676	2
3677	2
3678	2
3679	2
3680	2
3681	2
3682	2
3683	2
3684	2
3685	2
3686	2
3687	2
3688	2
3689	2
3690	2
3691	2
3692	2
3693	2
3694	2
3695	2
3696	2
3697	2
3698	2
3699	2
3700	2
3701	2
3702	2
3703	2
3704	2
3705	2
3706	2
3707	2
3708	2
3709	2
3710	2
3711	2
3712	2
3713	2
3714	2
3715	2
3716	2
3717	2
3718	2
3719	2
3720	2
3721	2
3722	2
3723	2
3724	2
3725	2
3726	2
3727	2
3728	2
3729	2
3730	2
3731	2
3732	2
3733	2
3734	2
3735	2
3736	2
3737	2
3738	2
3739	2
3740	2
3741	2
3742	2
3743	2
3744	2
3745	2
3746	2
3747	2
3748	2
3749	2
3750	2
3751	2
3752	2
3753	2
3754	2
3755	2
3756	2
3757	2
3758	2
3759	2
3760	2
3761	2
3762	2
3763	2
3764	2
3765	2
3766	2
3767	2
3768	2
3769	2
3770	2
3771	2
3772	2
3773	2
3774	2
3775	2
3776	2
3777	2
3778	2
3779	2
3780	2
3781	2
3782	2
3783	2
3784	2
3785	2
3786	2
3787	2
3788	2
3789	2
3790	2
3791	2
3792	2
3793	2
3794	2
3795	2
3796	2
3797	2
3798	2
3799	2
3800	2
3801	2
3802	2
3803	2
3804	2
3805	2
3806	2
3807	2
3808	2
3809	2
3810	2
3811	2
3812	2
3813	2
3814	2
3815	2
3816	2
3817	2
3818	2
3819	2
3820	2
3821	2
3822	2
3823	2
3824	2
3825	2
3826	2
3827	2
3828	2
3829	2
3830	2
3831	2
3832	2
3833	2
3834	2
3835	2
3836	2
3837	2
3838	2
3839	2
3840	2
3841	2
3842	2
3843	2
3844	2
3845	2
3846	2
3847	2
3848	2
3849	2
3850	2
3851	2
3852	2
3853	2
3854	2
3855	2
3856	2
3857	2
3858	2
3859	2
3860	2
3861	2
3862	2
3863	2
3864	2
3865	2
3866	2
3867	2
3868	2
3869	2
3870	2
3871	2
3872	2
3873	2
3874	2
3875	2
3876	2
3877	2
3878	2
3879	2
3880	2
3881	2
3882	2
3883	2
3884	2
3885	2
3886	2
3887	2
3888	2
3889	2
3890	2
3891	2
3892	2
3893	2
3894	2
3895	2
3896	2
3897	2
3898	2
3899	2
3900	2
3901	2
3902	2
3903	2
3904	2
3905	2
3906	2
3907	2
3908	2
3909	2
3910	2
3911	2
3912	2
3913	2
3914	2
3915	2
3916	2
3917	2
3918	2
3919	2
3920	2
3921	2
3922	2
3923	2
3924	2
3925	2
3926	2
3927	2
3928	2
3929	2
3930	2
3931	2
3932	2
3933	2
3934	2
3935	2
3936	2
3937	2
3938	2
3939	2
3940	2
3941	2
3942	2
3943	2
3944	2
3945	2
3946	2
3947	2
3948	2
3949	2
3950	2
3951	2
3952	2
3953	2
3954	2
3955	2
3956	2
3957	2
3958	2
3959	2
3960	2
3961	2
3962	2
3963	2
3964	2
3965	2
3966	2
3967	2
3968	2
3969	2
3970	2
3971	2
3972	2
3973	2
3974	2
3975	2
3976	2
3977	2
3978	2
3979	2
3980	2
3981	2
3982	2
3983	2
3984	2
3985	2
3986	2
3987	2
3988	2
3989	2
3990	2
3991	2
3992	2
3993	2
3994	2
3995	2
3996	2
3997	2
3998	2
3999	2
4000	2
4001	2
4002	2
4003	2
4004	2
4005	2
4006	2
4007	2
4008	2
4009	2
4010	2
4011	2
4012	2
4013	2
4014	2
4015	2
4016	2
4017	2
4018	2
4019	2
4020	2
4021	2
4022	2
4023	2
4024	2
4025	2
4026	2
4027	2
4028	2
4029	2
4030	2
4031	2
4032	2
4033	2
4034	2
4035	2
4036	2
4037	2
4038	2
4039	2
4040	2
4041	2
4042	2
4043	2
4044	2
4045	2
4046	2
4047	2
4048	2
4049	2
4050	2
4051	2
4052	2
4053	2
4054	2
4055	2
4056	2
4057	2
4058	2
4059	2
4060	2
4061	2
4062	2
4063	2
4064	2
4065	2
4066	2
4067	2
4068	2
4069	2
4070	2
4071	2
4072	2
4073	2
4074	2
4075	2
4076	2
4077	2
4078	2
4079	2
4080	2
4081	2
4082	2
4083	2
4084	2
4085	2
4086	2
4087	2
4088	2
4089	2
4090	2
4091	2
4092	2
4093	2
4094	2
4095	2
4096	2
4097	2
4098	2
4099	2
4100	2
4101	2
4102	2
4103	2
4104	2
4105	2
4106	2
4107	2
4108	2
4109	2
4110	2
4111	2
4112	2
4113	2
4114	2
4115	2
4116	2
4117	2
4118	2
4119	2
4120	2
4121	2
4122	2
4123	2
4124	2
4125	2
4126	2
4127	2
4128	2
4129	2
4130	2
4131	2
4132	2
4133	2
4134	2
4135	2
4136	2
4137	2
4138	2
4139	2
4140	2
4141	2
4142	2
4143	2
4144	2
4145	2
4146	2
4147	2
4148	2
4149	2
4150	2
4151	2
4152	2
4153	2
4154	2
4155	2
4156	2
4157	2
4158	2
4159	2
4160	2
4161	2
4162	2
4163	2
4164	2
4165	2
4166	2
4167	2
4168	2
4169	2
4170	2
4171	2
4172	2
4173	2
4174	2
4175	2
4176	2
4177	2
4178	2
4179	2
4180	2
4181	2
4182	2
4183	2
4184	2
4185	2
4186	2
4187	2
4188	2
4189	2
4190	2
4191	2
4192	2
4193	2
4194	2
4195	2
4196	2
4197	2
4198	2
4199	2
4200	2
4201	2
4202	2
4203	2
4204	2
4205	2
4206	2
4207	2
4208	2
4209	2
4210	2
4211	2
4212	2
4213	2
4214	2
4215	2
4216	2
4217	2
4218	2
4219	2
4220	2
4221	2
4222	2
4223	2
4224	2
4225	2
4226	2
4227	2
4228	2
4229	2
4230	2
4231	2
4232	2
4233	2
4234	2
4235	2
4236	2
4237	2
4238	2
4239	2
4240	2
4241	2
4242	2
4243	2
4244	2
4245	2
4246	2
4247	2
4248	2
4249	2
4250	2
4251	2
4252	2
4253	2
4254	2
4255	2
4256	2
4257	2
4258	2
4259	2
4260	2
4261	2
4262	2
4263	2
4264	2
4265	2
4266	2
4267	2
4268	2
4269	2
4270	2
4271	2
4272	2
4273	2
4274	2
4275	2
4276	2
4277	2
4278	2
4279	2
4280	2
4281	2
4282	2
4283	2
4284	2
4285	2
4286	2
4287	2
4288	2
4289	2
4290	2
4291	2
4292	2
4293	2
4294	2
4295	2
4296	2
4297	2
4298	2
4299	2
4300	2
4301	2
4302	2
4303	2
4304	2
4305	2
4306	2
4307	2
4308	2
4309	2
4310	2
4311	2
4312	2
4313	2
4314	2
4315	2
4316	2
4317	2
4318	2
4319	2
4320	2
4321	2
4322	2
4323	2
4324	2
4325	2
4326	2
4327	2
4328	2
4329	2
4330	2
4331	2
4332	2
4333	2
4334	2
4335	2
4336	2
4337	2
4338	2
4339	2
4340	2
4341	2
4342	2
4343	2
4344	2
4345	2
4346	2
4347	2
4348	2
4349	2
4350	2
4351	2
4352	2
4353	2
4354	2
4355	2
4356	2
4357	2
4358	2
4359	2
4360	2
4361	2
4362	2
4363	2
4364	2
4365	2
4366	2
4367	2
4368	2
4369	2
4370	2
4371	2
4372	2
4373	2
4374	2
4375	2
4376	2
4377	2
4378	2
4379	2
4380	2
4381	2
4382	2
4383	2
4384	2
4385	2
4386	2
4387	2
4388	2
4389	2
4390	2
4391	2
4392	2
4393	2
4394	2
4395	2
4396	2
4397	2
4398	2
4399	2
4400	2
4401	2
4402	2
4403	2
4404	2
4405	2
4406	2
4407	2
4408	2
4409	2
4410	2
4411	2
4412	2
4413	2
4414	2
4415	2
4416	2
4417	2
4418	2
4419	2
4420	2
4421	2
4422	2
4423	2
4424	2
4425	2
4426	2
4427	2
4428	2
4429	2
4430	2
4431	2
4432	2
4433	2
4434	2
4435	2
4436	2
4437	2
4438	2
4439	2
4440	2
4441	2
4442	2
4443	2
4444	2
4445	2
4446	2
4447	2
4448	2
4449	2
4450	2
4451	2
4452	2
4453	2
4454	2
4455	2
4456	2
4457	2
4458	2
4459	2
4460	2
4461	2
4462	2
4463	2
4464	2
4465	2
4466	2
4467	2
4468	2
4469	2
4470	2
4471	2
4472	2
4473	2
4474	2
4475	2
4476	2
4477	2
4478	2
4479	2
4480	2
4481	2
4482	2
4483	2
4484	2
4485	2
4486	2
4487	2
4488	2
4489	2
4490	2
4491	2
4492	2
4493	2
4494	2
4495	2
4496	2
4497	2
4498	2
4499	2
4500	2
4501	2
4502	2
4503	3
4504	3
4505	3
4506	3
4507	3
4508	3
4509	3
4510	3
4511	3
4512	3
4513	3
4514	3
4515	3
4516	3
4517	3
4518	3
4519	3
4520	3
4521	3
4522	3
4523	3
4524	3
4525	3
4526	3
4527	3
4528	3
4529	3
4530	3
4531	3
4532	3
4533	3
4534	3
4535	3
4536	3
4537	3
4538	3
4539	3
4540	3
4541	3
4542	3
4543	3
4544	3
4545	3
4546	3
4547	3
4548	3
4549	3
4550	3
4551	3
4552	3
4553	3
4554	3
4555	3
4556	3
4557	3
4558	3
4559	3
4560	3
4561	3
4562	3
4563	3
4564	3
4565	3
4566	3
4567	3
4568	3
4569	3
4570	3
4571	3
4572	3
4573	3
4574	3
4575	3
4576	3
4577	3
4578	3
4579	3
4580	3
4581	3
4582	3
4583	3
4584	3
4585	3
4586	3
4587	3
4588	3
4589	3
4590	3
4591	3
4592	3
4593	3
4594	3
4595	3
4596	3
4597	3
4598	3
4599	3
4600	3
4601	3
4602	3
4603	3
4604	3
4605	3
4606	3
4607	3
4608	3
4609	3
4610	3
4611	3
4612	3
4613	3
4614	3
4615	3
4616	3
4617	3
4618	3
4619	3
4620	3
4621	3
4622	3
4623	3
4624	3
4625	3
4626	3
4627	3
4628	3
4629	3
4630	3
4631	3
4632	3
4633	3
4634	3
4635	3
4636	3
4637	3
4638	3
4639	3
4640	3
4641	3
4642	3
4643	3
4644	3
4645	3
4646	3
4647	3
4648	3
4649	3
4650	3
4651	3
4652	3
4653	3
4654	3
4655	3
4656	3
4657	3
4658	3
4659	3
4660	3
4661	3
4662	3
4663	3
4664	3
4665	3
4666	3
4667	3
4668	3
4669	3
4670	3
4671	3
4672	3
4673	3
4674	3
4675	3
4676	3
4677	3
4678	3
4679	3
4680	3
4681	3
4682	3
4683	3
4684	3
4685	3
4686	3
4687	3
4688	3
4689	3
4690	3
4691	3
4692	3
4693	3
4694	3
4695	3
4696	3
4697	3
4698	3
4699	3
4700	3
4701	3
4702	3
4703	3
4704	3
4705	3
4706	3
4707	3
4708	3
4709	3
4710	3
4711	3
4712	3
4713	3
4714	3
4715	3
4716	3
4717	3
4718	3
4719	3
4720	3
4721	3
4722	3
4723	3
4724	3
4725	3
4726	3
4727	3
4728	3
4729	3
4730	3
4731	3
4732	3
4733	3
4734	3
4735	3
4736	3
4737	3
4738	3
4739	3
4740	3
4741	3
4742	3
4743	3
4744	3
4745	3
4746	3
4747	3
4748	3
4749	3
4750	3
4751	3
4752	3
4753	3
4754	3
4755	3
4756	3
4757	3
4758	3
4759	3
4760	3
4761	3
4762	3
4763	3
4764	3
4765	3
4766	3
4767	3
4768	3
4769	3
4770	3
4771	3
4772	3
4773	3
4774	3
4775	3
4776	3
4777	3
4778	3
4779	3
4780	3
4781	3
4782	3
4783	3
4784	3
4785	3
4786	3
4787	3
4788	3
4789	3
4790	3
4791	3
4792	3
4793	3
4794	3
4795	3
4796	3
4797	3
4798	3
4799	3
4800	3
4801	3
4802	3
4803	3
4804	3
4805	3
4806	3
4807	3
4808	3
4809	3
4810	3
4811	3
4812	3
4813	3
4814	3
4815	3
4816	3
4817	3
4818	3
4819	3
4820	3
4821	3
4822	3
4823	3
4824	3
4825	3
4826	3
4827	3
4828	3
4829	3
4830	3
4831	3
4832	3
4833	3
4834	3
4835	3
4836	3
4837	3
4838	3
4839	3
4840	3
4841	3
4842	3
4843	3
4844	3
4845	3
4846	3
4847	3
4848	3
4849	3
4850	3
4851	3
4852	3
4853	3
4854	3
4855	3
4856	3
4857	3
4858	3
4859	3
4860	3
4861	3
4862	3
4863	3
4864	3
4865	3
4866	3
4867	3
4868	3
4869	3
4870	3
4871	3
4872	3
4873	3
4874	3
4875	3
4876	3
4877	3
4878	3
4879	3
4880	3
4881	3
4882	3
4883	3
4884	3
4885	3
4886	3
4887	3
4888	3
4889	3
4890	3
4891	3
4892	3
4893	3
4894	3
4895	3
4896	3
4897	3
4898	3
4899	3
4900	3
4901	3
4902	3
4903	3
4904	3
4905	3
4906	3
4907	3
4908	3
4909	3
4910	3
4911	3
4912	3
4913	3
4914	3
4915	3
4916	3
4917	3
4918	3
4919	3
4920	3
4921	3
4922	3
4923	3
4924	3
4925	3
4926	3
4927	3
4928	3
4929	3
4930	3
4931	3
4932	3
4933	3
4934	3
4935	3
4936	3
4937	3
4938	3
4939	3
4940	3
4941	3
4942	3
4943	3
4944	3
4945	3
4946	3
4947	3
4948	3
4949	3
4950	3
4951	3
4952	3
4953	3
4954	3
4955	3
4956	3
4957	3
4958	3
4959	3
4960	3
4961	3
4962	3
4963	3
4964	3
4965	3
4966	3
4967	3
4968	3
4969	3
4970	3
4971	3
4972	3
4973	3
4974	3
4975	3
4976	3
4977	3
4978	3
4979	3
4980	3
4981	3
4982	3
4983	3
4984	3
4985	3
4986	3
4987	3
4988	3
4989	3
4990	3
4991	3
4992	3
4993	3
4994	3
4995	3
4996	3
4997	3
4998	3
4999	3
5000	3
5001	3
5002	3
5003	3
5004	3
5005	3
5006	3
5007	3
5008	3
5009	3
5010	3
5011	3
5012	3
5013	3
5014	3
5015	3
5016	3
5017	3
5018	3
5019	3
5020	3
5021	3
5022	3
5023	3
5024	3
5025	3
5026	3
5027	3
5028	3
5029	3
5030	3
5031	3
5032	3
5033	3
5034	3
5035	3
5036	3
5037	3
5038	3
5039	3
5040	3
5041	3
5042	3
5043	3
5044	3
5045	3
5046	3
5047	3
5048	3
5049	3
5050	3
5051	3
5052	3
5053	3
5054	3
5055	3
5056	3
5057	3
5058	3
5059	3
5060	3
5061	3
5062	3
5063	3
5064	3
5065	3
5066	3
5067	3
5068	3
5069	3
5070	3
5071	3
5072	3
5073	3
5074	3
5075	3
5076	3
5077	3
5078	3
5079	3
5080	3
5081	3
5082	3
5083	3
5084	3
5085	3
5086	3
5087	3
5088	3
5089	3
5090	3
5091	3
5092	3
5093	3
5094	3
5095	3
5096	3
5097	3
5098	3
5099	3
5100	3
5101	3
5102	3
5103	3
5104	3
5105	3
5106	3
5107	3
5108	3
5109	3
5110	3
5111	3
5112	3
5113	3
5114	3
5115	3
5116	3
5117	3
5118	3
5119	3
5120	3
5121	3
5122	3
5123	3
5124	3
5125	3
5126	3
5127	3
5128	3
5129	3
5130	3
5131	3
5132	3
5133	3
5134	3
5135	3
5136	3
5137	3
5138	3
5139	3
5140	3
5141	3
5142	3
5143	3
5144	3
5145	3
5146	3
5147	3
5148	3
5149	3
5150	3
5151	3
5152	3
5153	3
5154	3
5155	3
5156	3
5157	3
5158	3
5159	3
5160	3
5161	3
5162	3
5163	3
5164	3
5165	3
5166	3
5167	3
5168	3
5169	3
5170	3
5171	3
5172	3
5173	3
5174	3
5175	3
5176	3
5177	3
5178	3
5179	3
5180	3
5181	3
5182	3
5183	3
5184	3
5185	3
5186	3
5187	3
5188	3
5189	3
5190	3
5191	3
5192	3
5193	3
5194	3
5195	3
5196	3
5197	3
5198	3
5199	3
5200	3
5201	3
5202	3
5203	3
5204	3
5205	3
5206	3
5207	3
5208	3
5209	3
5210	3
5211	3
5212	3
5213	3
5214	3
5215	3
5216	3
5217	3
5218	3
5219	3
5220	3
5221	3
5222	3
5223	3
5224	3
5225	3
5226	3
5227	3
5228	3
5229	3
5230	3
5231	3
5232	3
5233	3
5234	3
5235	3
5236	3
5237	3
5238	3
5239	3
5240	3
5241	3
5242	3
5243	3
5244	3
5245	3
5246	3
5247	3
5248	3
5249	3
5250	3
5251	3
5252	3
5253	3
5254	3
5255	3
5256	3
5257	3
5258	3
5259	3
5260	3
5261	3
5262	3
5263	3
5264	3
5265	3
5266	3
5267	3
5268	3
5269	3
5270	3
5271	3
5272	3
5273	3
5274	3
5275	3
5276	3
5277	3
5278	3
5279	3
5280	3
5281	3
5282	3
5283	3
5284	3
5285	3
5286	3
5287	3
5288	3
5289	3
5290	3
5291	3
5292	3
5293	3
5294	3
5295	3
5296	3
5297	3
5298	3
5299	3
5300	3
5301	3
5302	3
5303	3
5304	3
5305	3
5306	3
5307	3
5308	3
5309	3
5310	3
5311	3
5312	3
5313	3
5314	3
5315	3
5316	3
5317	3
5318	3
5319	3
5320	3
5321	3
5322	3
5323	3
5324	3
5325	3
5326	3
5327	3
5328	3
5329	3
5330	3
5331	3
5332	3
5333	3
5334	3
5335	3
5336	3
5337	3
5338	3
5339	3
5340	3
5341	3
5342	3
5343	3
5344	3
5345	3
5346	3
5347	3
5348	3
5349	3
5350	3
5351	3
5352	3
5353	3
5354	3
5355	3
5356	3
5357	3
5358	3
5359	3
5360	3
5361	3
5362	3
5363	3
5364	3
5365	3
5366	3
5367	3
5368	3
5369	3
5370	3
5371	3
5372	3
5373	3
5374	3
5375	3
5376	3
5377	3
5378	3
5379	3
5380	3
5381	3
5382	3
5383	3
5384	3
5385	3
5386	3
5387	3
5388	3
5389	3
5390	3
5391	3
5392	3
5393	3
5394	3
5395	3
5396	3
5397	3
5398	3
5399	3
5400	3
5401	3
5402	3
5403	3
5404	3
5405	3
5406	3
5407	3
5408	3
5409	3
5410	3
5411	3
5412	3
5413	3
5414	3
5415	3
5416	3
5417	3
5418	3
5419	3
5420	3
5421	3
5422	3
5423	3
5424	3
5425	3
5426	3
5427	3
5428	3
5429	3
5430	3
5431	3
5432	3
5433	3
5434	3
5435	3
5436	3
5437	3
5438	3
5439	3
5440	3
5441	3
5442	3
5443	3
5444	3
5445	3
5446	3
5447	3
5448	3
5449	3
5450	3
5451	3
5452	3
5453	3
5454	3
5455	3
5456	3
5457	3
5458	3
5459	3
5460	3
5461	3
5462	3
5463	3
5464	3
5465	3
5466	3
5467	3
5468	3
5469	3
5470	3
5471	3
5472	3
5473	3
5474	3
5475	3
5476	3
5477	3
5478	3
5479	3
5480	3
5481	3
5482	3
5483	3
5484	3
5485	3
5486	3
5487	3
5488	3
5489	3
5490	3
5491	3
5492	3
5493	3
5494	3
5495	3
5496	3
5497	3
5498	3
5499	3
5500	3
5501	3
5502	3
5503	3
5504	3
5505	3
5506	3
5507	3
5508	3
5509	3
5510	3
5511	3
5512	3
5513	3
5514	3
5515	3
5516	3
5517	3
5518	3
5519	3
5520	3
5521	3
5522	3
5523	3
5524	3
5525	3
5526	3
5527	3
5528	3
5529	3
5530	3
5531	3
5532	3
5533	3
5534	3
5535	3
5536	3
5537	3
5538	3
5539	3
5540	3
5541	3
5542	3
5543	3
5544	3
5545	3
5546	3
5547	3
5548	3
5549	3
5550	3
5551	3
5552	3
5553	3
5554	3
5555	3
5556	3
5557	3
5558	3
5559	3
5560	3
5561	3
5562	3
5563	3
5564	3
5565	3
5566	3
5567	3
5568	3
5569	3
5570	3
5571	3
5572	3
5573	3
5574	3
5575	3
5576	3
5577	3
5578	3
5579	3
5580	3
5581	3
5582	3
5583	3
5584	3
5585	3
5586	3
5587	3
5588	3
5589	3
5590	3
5591	3
5592	3
5593	3
5594	3
5595	3
5596	3
5597	3
5598	3
5599	3
5600	3
5601	3
5602	3
5603	3
5604	3
5605	3
5606	3
5607	3
5608	3
5609	3
5610	3
5611	3
5612	3
5613	3
5614	3
5615	3
5616	3
5617	3
5618	3
5619	3
5620	3
5621	3
5622	3
5623	3
5624	3
5625	3
5626	3
5627	3
5628	3
5629	3
5630	3
5631	3
5632	3
5633	3
5634	3
5635	3
5636	3
5637	3
5638	3
5639	3
5640	3
5641	3
5642	3
5643	3
5644	3
5645	3
5646	3
5647	3
5648	3
5649	3
5650	3
5651	3
5652	3
5653	3
5654	3
5655	3
5656	3
5657	3
5658	3
5659	3
5660	3
5661	3
5662	3
5663	3
5664	3
5665	3
5666	3
5667	3
5668	3
5669	3
5670	3
5671	3
5672	3
5673	3
5674	3
5675	3
5676	3
5677	3
5678	3
5679	3
5680	3
5681	3
5682	3
5683	3
5684	3
5685	3
5686	3
5687	3
5688	3
5689	3
5690	3
5691	3
5692	3
5693	3
5694	3
5695	3
5696	3
5697	3
5698	3
5699	3
5700	3
5701	3
5702	3
5703	3
5704	3
5705	3
5706	3
5707	3
5708	3
5709	3
5710	3
5711	3
5712	3
5713	3
5714	3
5715	3
5716	3
5717	3
5718	3
5719	3
5720	3
5721	3
5722	3
5723	3
5724	3
5725	3
5726	3
5727	3
5728	3
5729	3
5730	3
5731	3
5732	3
5733	3
5734	3
5735	3
5736	3
5737	3
5738	3
5739	3
5740	3
5741	3
5742	3
5743	3
5744	3
5745	3
5746	3
5747	3
5748	3
5749	3
5750	3
5751	3
5752	3
5753	3
5754	3
5755	3
5756	3
5757	3
5758	3
5759	3
5760	3
5761	3
5762	3
5763	3
5764	3
5765	3
5766	3
5767	3
5768	3
5769	3
5770	3
5771	3
5772	3
5773	3
5774	3
5775	3
5776	3
5777	3
5778	3
5779	3
5780	3
5781	3
5782	3
5783	3
5784	3
5785	3
5786	3
5787	3
5788	3
5789	3
5790	3
5791	3
5792	3
5793	3
5794	3
5795	3
5796	3
5797	3
5798	3
5799	3
5800	3
5801	3
5802	3
5803	3
5804	3
5805	3
5806	3
5807	3
5808	3
5809	3
5810	3
5811	3
5812	3
5813	3
5814	3
5815	3
5816	3
5817	3
5818	3
5819	3
5820	3
5821	3
5822	3
5823	3
5824	3
5825	3
5826	3
5827	3
5828	3
5829	3
5830	3
5831	3
5832	3
5833	3
5834	3
5835	3
5836	3
5837	3
5838	3
5839	3
5840	3
5841	3
5842	3
5843	3
5844	3
5845	3
5846	3
5847	3
5848	3
5849	3
5850	3
5851	3
5852	3
5853	3
5854	3
5855	3
5856	3
5857	3
5858	3
5859	3
5860	3
5861	3
5862	3
5863	3
5864	3
5865	3
5866	3
5867	3
5868	3
5869	3
5870	3
5871	3
5872	3
5873	3
5874	3
5875	3
5876	3
5877	3
5878	3
5879	3
5880	3
5881	3
5882	3
5883	3
5884	3
5885	3
5886	3
5887	3
5888	3
5889	3
5890	3
5891	3
5892	3
5893	3
5894	3
5895	3
5896	3
5897	3
5898	3
5899	3
5900	3
5901	3
5902	3
5903	3
5904	3
5905	3
5906	3
5907	3
5908	3
5909	3
5910	3
5911	3
5912	3
5913	3
5914	3
5915	3
5916	3
5917	3
5918	3
5919	3
5920	3
5921	3
5922	3
5923	3
5924	3
5925	3
5926	3
5927	3
5928	3
5929	3
5930	3
5931	3
5932	3
5933	3
5934	3
5935	3
5936	3
5937	3
5938	3
5939	3
5940	3
5941	3
5942	3
5943	3
5944	3
5945	3
5946	3
5947	3
5948	3
5949	3
5950	3
5951	3
5952	3
5953	3
5954	3
5955	3
5956	3
5957	3
5958	3
5959	3
5960	3
5961	3
5962	3
5963	3
5964	3
5965	3
5966	3
5967	3
5968	3
5969	3
5970	3
5971	3
5972	3
5973	3
5974	3
5975	3
5976	3
5977	3
5978	3
5979	3
5980	3
5981	3
5982	3
5983	3
5984	3
5985	3
5986	3
5987	3
5988	3
5989	3
5990	3
5991	3
5992	3
5993	3
5994	3
5995	3
5996	3
5997	3
5998	3
5999	3
6000	3
6001	3
6002	3
6003	3
6004	3
6005	3
6006	3
6007	3
6008	3
6009	3
6010	3
6011	3
6012	3
6013	3
6014	3
6015	3
6016	3
6017	3
6018	3
6019	3
6020	3
6021	3
6022	3
6023	3
6024	3
6025	3
6026	3
6027	3
6028	3
6029	3
6030	3
6031	3
6032	3
6033	3
6034	3
6035	3
6036	3
6037	3
6038	3
6039	3
6040	3
6041	3
6042	3
6043	3
6044	3
6045	3
6046	3
6047	3
6048	3
6049	3
6050	3
6051	3
6052	3
6053	3
6054	3
6055	3
6056	3
6057	3
6058	3
6059	3
6060	3
6061	3
6062	3
6063	3
6064	3
6065	3
6066	3
6067	3
6068	3
6069	3
6070	3
6071	3
6072	3
6073	3
6074	3
6075	3
6076	3
6077	3
6078	3
6079	3
6080	3
6081	3
6082	3
6083	3
6084	3
6085	3
6086	3
6087	3
6088	3
6089	3
6090	3
6091	3
6092	3
6093	3
6094	3
6095	3
6096	3
6097	3
6098	3
6099	3
6100	3
6101	3
6102	3
6103	3
6104	3
6105	3
6106	3
6107	3
6108	4
6109	4
6110	4
6111	4
6112	4
6113	4
6114	4
6115	4
6116	4
6117	4
6118	4
6119	4
6120	4
6121	4
6122	4
6123	4
6124	4
6125	4
6126	4
6127	4
6128	4
6129	4
6130	4
6131	4
6132	4
6133	4
6134	4
6135	4
6136	4
6137	4
6138	4
6139	4
6140	4
6141	4
6142	4
6143	4
6144	4
6145	4
6146	4
6147	4
6148	4
6149	4
6150	4
6151	4
6152	4
6153	4
6154	4
6155	4
6156	4
6157	4
6158	4
6159	4
6160	4
6161	4
6162	4
6163	4
6164	4
6165	4
6166	4
6167	4
6168	4
6169	4
6170	4
6171	4
6172	4
6173	4
6174	4
6175	4
6176	4
6177	4
6178	4
6179	4
6180	4
6181	4
6182	4
6183	4
6184	4
6185	4
6186	4
6187	4
6188	4
6189	4
6190	4
6191	4
6192	4
6193	4
6194	4
6195	4
6196	4
6197	4
6198	4
6199	4
6200	4
6201	4
6202	4
6203	4
6204	4
6205	4
6206	4
6207	4
6208	4
6209	4
6210	4
6211	4
6212	4
6213	4
6214	4
6215	4
6216	4
6217	4
6218	4
6219	4
6220	4
6221	4
6222	4
6223	4
6224	4
6225	4
6226	4
6227	4
6228	4
6229	4
6230	4
6231	4
6232	4
6233	4
6234	4
6235	4
6236	4
6237	4
6238	4
6239	4
6240	4
6241	4
6242	4
6243	4
6244	4
6245	4
6246	4
6247	4
6248	4
6249	4
6250	4
6251	4
6252	4
6253	4
6254	4
6255	4
6256	4
6257	4
6258	4
6259	4
6260	4
6261	4
6262	4
6263	4
6264	4
6265	4
6266	4
6267	4
6268	4
6269	4
6270	4
6271	4
6272	4
6273	4
6274	4
6275	4
6276	4
6277	4
6278	4
6279	4
6280	4
6281	4
6282	4
6283	4
6284	4
6285	4
6286	4
6287	4
6288	4
6289	4
6290	4
6291	4
6292	4
6293	4
6294	4
6295	4
6296	4
6297	4
6298	4
6299	4
6300	4
6301	4
6302	4
6303	4
6304	4
6305	4
6306	4
6307	4
6308	4
6309	4
6310	4
6311	4
6312	4
6313	4
6314	4
6315	4
6316	4
6317	4
6318	4
6319	4
6320	4
6321	4
6322	4
6323	4
6324	4
6325	4
6326	4
6327	4
6328	4
6329	4
6330	4
6331	4
6332	4
6333	4
6334	4
6335	4
6336	4
6337	4
6338	4
6339	4
6340	4
6341	4
6342	4
6343	4
6344	4
6345	4
6346	4
6347	4
6348	4
6349	4
6350	4
6351	4
6352	4
6353	4
6354	4
6355	4
6356	4
6357	4
6358	4
6359	4
6360	4
6361	4
6362	4
6363	4
6364	4
6365	4
6366	4
6367	4
6368	4
6369	4
6370	4
6371	4
6372	4
6373	4
6374	4
6375	4
6376	4
6377	4
6378	4
6379	4
6380	4
6381	4
6382	4
6383	4
6384	4
6385	4
6386	4
6387	4
6388	4
6389	4
6390	4
6391	4
6392	4
6393	4
6394	4
6395	4
6396	4
6397	4
6398	4
6399	4
6400	4
6401	4
6402	4
6403	4
6404	4
6405	4
6406	4
6407	4
6408	4
6409	4
6410	4
6411	4
6412	4
6413	4
6414	4
6415	4
6416	4
6417	4
6418	4
6419	4
6420	4
6421	4
6422	4
6423	4
6424	4
6425	4
6426	4
6427	4
6428	4
6429	4
6430	4
6431	4
6432	4
6433	4
6434	4
6435	4
6436	4
6437	4
6438	4
6439	4
6440	4
6441	4
6442	4
6443	4
6444	4
6445	4
6446	4
6447	4
6448	4
6449	4
6450	4
6451	4
6452	4
6453	4
6454	4
6455	4
6456	4
6457	4
6458	4
6459	4
6460	4
6461	4
6462	4
6463	4
6464	4
6465	4
6466	4
6467	4
6468	4
6469	4
6470	4
6471	4
6472	4
6473	4
6474	4
6475	4
6476	4
6477	4
6478	4
6479	4
6480	4
6481	4
6482	4
6483	4
6484	4
6485	4
6486	4
6487	4
6488	4
6489	4
6490	4
6491	4
6492	4
6493	4
6494	4
6495	4
6496	4
6497	4
6498	4
6499	4
6500	4
6501	4
6502	4
6503	4
6504	4
6505	4
6506	4
6507	4
6508	4
6509	4
6510	4
6511	4
6512	4
6513	4
6514	4
6515	4
6516	4
6517	4
6518	4
6519	4
6520	4
6521	4
6522	4
6523	4
6524	4
6525	4
6526	4
6527	4
6528	4
6529	4
6530	4
6531	4
6532	4
6533	4
6534	4
6535	4
6536	4
6537	4
6538	4
6539	4
6540	4
6541	4
6542	4
6543	4
6544	4
6545	4
6546	4
6547	4
6548	4
6549	4
6550	4
6551	4
6552	4
6553	4
6554	4
6555	4
6556	4
6557	4
6558	4
6559	4
6560	4
6561	4
6562	4
6563	4
6564	4
6565	4
6566	4
6567	4
6568	4
6569	4
6570	4
6571	4
6572	4
6573	4
6574	4
6575	4
6576	4
6577	4
6578	4
6579	4
6580	4
6581	4
6582	4
6583	4
6584	4
6585	4
6586	4
6587	4
6588	4
6589	4
6590	4
6591	4
6592	4
6593	4
6594	4
6595	4
6596	4
6597	4
6598	4
6599	4
6600	4
6601	4
6602	4
6603	4
6604	4
6605	4
6606	4
6607	4
6608	4
6609	4
6610	4
6611	4
6612	4
6613	4
6614	4
6615	4
6616	4
6617	4
6618	4
6619	4
6620	4
6621	4
6622	4
6623	4
6624	4
6625	4
6626	4
6627	4
6628	4
6629	4
6630	4
6631	4
6632	4
6633	4
6634	4
6635	4
6636	4
6637	4
6638	4
6639	4
6640	4
6641	4
6642	4
6643	4
6644	4
6645	4
6646	4
6647	4
6648	4
6649	4
6650	4
6651	4
6652	4
6653	4
6654	4
6655	4
6656	4
6657	4
6658	4
6659	4
6660	4
6661	4
6662	4
6663	4
6664	4
6665	4
6666	4
6667	4
6668	4
6669	4
6670	4
6671	4
6672	4
6673	4
6674	4
6675	4
6676	4
6677	4
6678	4
6679	4
6680	4
6681	4
6682	4
6683	4
6684	4
6685	4
6686	4
6687	4
6688	4
6689	4
6690	4
6691	4
6692	4
6693	4
6694	4
6695	4
6696	4
6697	4
6698	4
6699	4
6700	4
6701	4
6702	4
6703	4
6704	4
6705	4
6706	4
6707	4
6708	4
6709	4
6710	4
6711	4
6712	4
6713	4
6714	4
6715	4
6716	4
6717	4
6718	4
6719	4
6720	4
6721	4
6722	4
6723	4
6724	4
6725	4
6726	4
6727	4
6728	4
6729	4
6730	4
6731	4
6732	4
6733	4
6734	4
6735	4
6736	4
6737	4
6738	4
6739	4
6740	4
6741	4
6742	4
6743	4
6744	4
6745	4
6746	4
6747	4
6748	4
6749	4
6750	4
6751	4
6752	4
6753	4
6754	4
6755	4
6756	4
6757	4
6758	4
6759	4
6760	4
6761	4
6762	4
6763	4
6764	4
6765	4
6766	4
6767	4
6768	4
6769	4
6770	4
6771	4
6772	4
6773	4
6774	4
6775	4
6776	4
6777	4
6778	4
6779	4
6780	4
6781	4
6782	4
6783	4
6784	4
6785	4
6786	4
6787	4
6788	4
6789	4
6790	4
6791	4
6792	4
6793	4
6794	4
6795	4
6796	4
6797	4
6798	4
6799	4
6800	4
6801	4
6802	4
6803	4
6804	4
6805	4
6806	4
6807	4
6808	4
6809	4
6810	4
6811	4
6812	4
6813	4
6814	4
6815	4
6816	4
6817	4
6818	4
6819	4
6820	4
6821	4
6822	4
6823	4
6824	4
6825	4
6826	4
6827	4
6828	4
6829	4
6830	4
6831	4
6832	4
6833	4
6834	4
6835	4
6836	4
6837	4
6838	4
6839	4
6840	4
6841	4
6842	4
6843	4
6844	4
6845	4
6846	4
6847	4
6848	4
6849	4
6850	4
6851	4
6852	4
6853	4
6854	4
6855	4
6856	4
6857	4
6858	4
6859	4
6860	4
6861	4
6862	4
6863	4
6864	4
6865	4
6866	4
6867	4
6868	4
6869	4
6870	4
6871	4
6872	4
6873	4
6874	4
6875	4
6876	4
6877	4
6878	4
6879	4
6880	4
6881	4
6882	4
6883	4
6884	4
6885	4
6886	4
6887	4
6888	4
6889	4
6890	4
6891	4
6892	4
6893	4
6894	4
6895	4
6896	4
6897	4
6898	4
6899	4
6900	4
6901	4
6902	4
6903	4
6904	4
6905	4
6906	4
6907	4
6908	4
6909	4
6910	4
6911	4
6912	4
6913	4
6914	4
6915	4
6916	4
6917	4
6918	4
6919	4
6920	4
6921	4
6922	4
6923	4
6924	4
6925	4
6926	4
6927	4
6928	4
6929	4
6930	4
6931	4
6932	4
6933	4
6934	4
6935	4
6936	4
6937	4
6938	4
6939	4
6940	4
6941	4
6942	4
6943	4
6944	4
6945	4
6946	4
6947	4
6948	4
6949	4
6950	4
6951	4
6952	4
6953	4
6954	4
6955	4
6956	4
6957	4
6958	4
6959	4
6960	4
6961	4
6962	4
6963	4
6964	4
6965	4
6966	4
6967	4
6968	4
6969	4
6970	4
6971	4
6972	4
6973	4
6974	4
6975	4
6976	4
6977	4
6978	4
6979	4
6980	4
6981	4
6982	4
6983	4
6984	4
6985	4
6986	4
6987	4
6988	4
6989	4
6990	4
6991	4
6992	4
6993	4
6994	4
6995	4
6996	4
6997	4
6998	4
6999	4
7000	4
7001	4
7002	4
7003	4
7004	4
7005	4
7006	4
7007	4
7008	4
7009	4
7010	4
7011	4
7012	4
7013	4
7014	4
7015	4
7016	4
7017	4
7018	4
7019	4
7020	4
7021	4
7022	4
7023	4
7024	4
7025	4
7026	4
7027	4
7028	4
7029	4
7030	4
7031	4
7032	4
7033	4
7034	4
7035	4
7036	4
7037	4
7038	4
7039	4
7040	4
7041	4
7042	4
7043	4
7044	4
7045	4
7046	4
7047	4
7048	4
7049	4
7050	4
7051	4
7052	4
7053	4
7054	4
7055	4
7056	4
7057	4
7058	4
7059	4
7060	4
7061	4
7062	4
7063	4
7064	4
7065	4
7066	4
7067	4
7068	4
7069	4
7070	4
7071	4
7072	4
7073	4
7074	4
7075	4
7076	4
7077	4
7078	4
7079	4
7080	4
7081	4
7082	4
7083	4
7084	4
7085	4
7086	4
7087	4
7088	4
7089	4
7090	4
7091	4
7092	4
7093	4
7094	4
7095	4
7096	4
7097	4
7098	4
7099	4
7100	4
7101	4
7102	4
7103	4
7104	4
7105	4
7106	4
7107	4
7108	4
7109	4
7110	4
7111	4
7112	4
7113	4
7114	4
7115	4
7116	4
7117	4
7118	4
7119	4
7120	4
7121	4
7122	4
7123	4
7124	4
7125	4
7126	4
7127	4
7128	4
7129	4
7130	4
7131	4
7132	4
7133	4
7134	4
7135	4
7136	4
7137	4
7138	4
7139	4
7140	4
7141	4
7142	4
7143	4
7144	4
7145	4
7146	4
7147	4
7148	4
7149	4
7150	4
7151	4
7152	4
7153	4
7154	4
7155	4
7156	4
7157	4
7158	4
7159	4
7160	4
7161	4
7162	4
7163	4
7164	4
7165	4
7166	4
7167	4
7168	4
7169	4
7170	4
7171	4
7172	4
7173	4
7174	4
7175	4
7176	4
7177	4
7178	4
7179	4
7180	4
7181	4
7182	4
7183	4
7184	4
7185	4
7186	4
7187	4
7188	4
7189	4
7190	4
7191	4
7192	4
7193	4
7194	4
7195	4
7196	4
7197	4
7198	4
7199	4
7200	4
7201	4
7202	4
7203	4
7204	4
7205	4
7206	4
7207	4
7208	4
7209	4
7210	4
7211	4
7212	4
7213	4
7214	4
7215	4
7216	4
7217	4
7218	4
7219	4
7220	4
7221	4
7222	4
7223	4
7224	4
7225	4
7226	4
7227	4
7228	4
7229	4
7230	4
7231	4
7232	4
7233	4
7234	4
7235	4
7236	4
7237	4
7238	4
7239	4
7240	4
7241	4
7242	4
7243	4
7244	4
7245	4
7246	4
7247	4
7248	4
7249	4
7250	4
7251	4
7252	4
7253	4
7254	4
7255	4
7256	4
7257	4
7258	4
7259	4
7260	4
7261	4
7262	4
7263	4
7264	4
7265	4
7266	4
7267	4
7268	4
7269	4
7270	4
7271	4
7272	4
7273	4
7274	4
7275	4
7276	4
7277	4
7278	4
7279	4
7280	4
7281	4
7282	4
7283	4
7284	4
7285	4
7286	4
7287	4
7288	4
7289	4
7290	4
7291	4
7292	4
7293	4
7294	4
7295	4
7296	4
7297	4
7298	4
7299	4
7300	4
7301	4
7302	4
7303	4
7304	4
7305	4
7306	4
7307	4
7308	4
7309	4
7310	4
7311	4
7312	4
7313	4
7314	4
7315	4
7316	4
7317	4
7318	4
7319	4
7320	4
7321	4
7322	4
7323	4
7324	4
7325	4
7326	4
7327	4
7328	4
7329	4
7330	4
7331	4
7332	4
7333	4
7334	4
7335	4
7336	4
7337	4
7338	4
7339	4
7340	4
7341	4
7342	4
7343	4
7344	4
7345	4
7346	4
7347	4
7348	4
7349	4
7350	4
7351	4
7352	4
7353	4
7354	4
7355	4
7356	4
7357	4
7358	4
7359	4
7360	4
7361	4
7362	4
7363	4
7364	4
7365	4
7366	4
7367	4
7368	4
7369	4
7370	4
7371	4
7372	4
7373	4
7374	4
7375	4
7376	4
7377	4
7378	4
7379	4
7380	4
7381	4
7382	4
7383	4
7384	4
7385	4
7386	4
7387	4
7388	4
7389	4
7390	4
7391	4
7392	4
7393	4
7394	4
7395	4
7396	4
7397	4
7398	4
7399	4
7400	4
7401	4
7402	4
7403	4
7404	4
7405	4
7406	4
7407	4
7408	4
7409	4
7410	4
7411	4
7412	4
7413	4
7414	4
7415	4
7416	4
7417	4
7418	4
7419	4
7420	4
7421	4
7422	4
7423	4
7424	4
7425	4
7426	4
7427	4
7428	4
7429	4
7430	4
7431	4
7432	4
7433	4
7434	4
7435	4
7436	4
7437	4
7438	4
7439	4
7440	4
7441	4
7442	4
7443	4
7444	4
7445	4
7446	4
7447	4
7448	4
7449	4
7450	4
7451	4
7452	4
7453	4
7454	4
7455	4
7456	4
7457	4
7458	4
7459	4
7460	4
7461	4
7462	4
7463	4
7464	4
7465	4
7466	4
7467	4
7468	4
7469	4
7470	4
7471	4
7472	4
7473	4
7474	4
7475	4
7476	4
7477	4
7478	4
7479	4
7480	4
7481	4
7482	4
7483	4
7484	4
7485	4
7486	4
7487	4
7488	4
7489	4
7490	4
7491	4
7492	4
7493	4
7494	4
7495	4
7496	4
7497	4
7498	4
7499	4
7500	4
7501	4
7502	4
7503	4
7504	4
7505	4
7506	4
7507	4
7508	4
7509	4
7510	4
7511	4
7512	4
7513	4
7514	4
7515	4
7516	4
7517	4
7518	4
7519	4
7520	4
7521	4
7522	4
7523	4
7524	4
7525	4
7526	4
7527	4
7528	4
7529	4
7530	4
7531	4
7532	4
7533	4
7534	4
7535	4
7536	4
7537	4
7538	4
7539	4
7540	4
7541	4
7542	4
7543	4
7544	4
7545	4
7546	4
7547	4
7548	4
7549	4
7550	4
7551	4
7552	4
7553	4
7554	4
7555	4
7556	4
7557	4
7558	4
7559	4
7560	4
7561	4
7562	4
7563	4
7564	4
7565	4
7566	4
7567	4
7568	4
7569	4
7570	4
7571	4
7572	4
7573	4
7574	4
7575	4
7576	4
7577	4
7578	4
7579	4
7580	4
7581	4
7582	4
7583	4
7584	4
7585	4
7586	4
7587	4
7588	4
7589	4
7590	4
7591	4
7592	4
7593	4
7594	4
7595	5
7596	5
7597	5
7598	5
7599	5
7600	5
7601	5
7602	5
7603	5
7604	5
7605	5
7606	5
7607	5
7608	5
7609	5
7610	5
7611	5
7612	5
7613	5
7614	5
7615	5
7616	5
7617	5
7618	5
7619	5
7620	5
7621	5
7622	5
7623	5
7624	5
7625	5
7626	5
7627	5
7628	5
7629	5
7630	5
7631	5
7632	5
7633	5
7634	5
7635	5
7636	5
7637	5
7638	5
7639	5
7640	5
7641	5
7642	5
7643	5
7644	5
7645	5
7646	5
7647	5
7648	5
7649	5
7650	5
7651	5
7652	5
7653	5
7654	5
7655	5
7656	5
7657	5
7658	5
7659	5
7660	5
7661	5
7662	5
7663	5
7664	5
7665	5
7666	5
7667	5
7668	5
7669	5
7670	5
7671	5
7672	5
7673	5
7674	5
7675	5
7676	5
7677	5
7678	5
7679	5
7680	5
7681	5
7682	5
7683	5
7684	5
7685	5
7686	5
7687	5
7688	5
7689	5
7690	5
7691	5
7692	5
7693	5
7694	5
7695	5
7696	5
7697	5
7698	5
7699	5
7700	5
7701	5
7702	5
7703	5
7704	5
7705	5
7706	5
7707	5
7708	5
7709	5
7710	5
7711	5
7712	5
7713	5
7714	5
7715	5
7716	5
7717	5
7718	5
7719	5
7720	5
7721	5
7722	5
7723	5
7724	5
7725	5
7726	5
7727	5
7728	5
7729	5
7730	5
7731	5
7732	5
7733	5
7734	5
7735	5
7736	5
7737	5
7738	5
7739	5
7740	5
7741	5
7742	5
7743	5
7744	5
7745	5
7746	5
7747	5
7748	5
7749	5
7750	5
7751	5
7752	5
7753	5
7754	5
7755	5
7756	5
7757	5
7758	5
7759	5
7760	5
7761	5
7762	5
7763	5
7764	5
7765	5
7766	5
7767	5
7768	5
7769	5
7770	5
7771	5
7772	5
7773	5
7774	5
7775	5
7776	5
7777	5
7778	5
7779	5
7780	5
7781	5
7782	5
7783	5
7784	5
7785	5
7786	5
7787	5
7788	5
7789	5
7790	5
7791	5
7792	5
7793	5
7794	5
7795	5
7796	5
7797	5
7798	5
7799	5
7800	5
7801	5
7802	5
7803	5
7804	5
7805	5
7806	5
7807	5
7808	5
7809	5
7810	5
7811	5
7812	5
7813	5
7814	5
7815	5
7816	5
7817	5
7818	5
7819	5
7820	5
7821	5
7822	5
7823	5
7824	5
7825	5
7826	5
7827	5
7828	5
7829	5
7830	5
7831	5
7832	5
7833	5
7834	5
7835	5
7836	5
7837	5
7838	5
7839	5
7840	5
7841	5
7842	5
7843	5
7844	5
7845	5
7846	5
7847	5
7848	5
7849	5
7850	5
7851	5
7852	5
7853	5
7854	5
7855	5
7856	5
7857	5
7858	5
7859	5
7860	5
7861	5
7862	5
7863	5
7864	5
7865	5
7866	5
7867	5
7868	5
7869	5
7870	5
7871	5
7872	5
7873	5
7874	5
7875	5
7876	5
7877	5
7878	5
7879	5
7880	5
7881	5
7882	5
7883	5
7884	5
7885	5
7886	5
7887	5
7888	5
7889	5
7890	5
7891	5
7892	5
7893	5
7894	5
7895	5
7896	5
7897	5
7898	5
7899	5
7900	5
7901	5
7902	5
7903	5
7904	5
7905	5
7906	5
7907	5
7908	5
7909	5
7910	5
7911	5
7912	5
7913	5
7914	5
7915	5
7916	5
7917	5
7918	5
7919	5
7920	5
7921	5
7922	5
7923	5
7924	5
7925	5
7926	5
7927	5
7928	5
7929	5
7930	5
7931	5
7932	5
7933	5
7934	5
7935	5
7936	5
7937	5
7938	5
7939	5
7940	5
7941	5
7942	5
7943	5
7944	5
7945	5
7946	5
7947	5
7948	5
7949	5
7950	5
7951	5
7952	5
7953	5
7954	5
7955	5
7956	5
7957	5
7958	5
7959	5
7960	5
7961	5
7962	5
7963	5
7964	5
7965	5
7966	5
7967	5
7968	5
7969	5
7970	5
7971	5
7972	5
7973	5
7974	5
7975	5
7976	5
7977	5
7978	5
7979	5
7980	5
7981	5
7982	5
7983	5
7984	5
7985	5
7986	5
7987	5
7988	5
7989	5
7990	5
7991	5
7992	5
7993	5
7994	5
7995	5
7996	5
7997	5
7998	5
7999	5
8000	5
8001	5
8002	5
8003	5
8004	5
8005	5
8006	5
8007	5
8008	5
8009	5
8010	5
8011	5
8012	5
8013	5
8014	5
8015	5
8016	5
8017	5
8018	5
8019	5
8020	5
8021	5
8022	5
8023	5
8024	5
8025	5
8026	5
8027	5
8028	5
8029	5
8030	5
8031	5
8032	5
8033	5
8034	5
8035	5
8036	5
8037	5
8038	5
8039	5
8040	5
8041	5
8042	5
8043	5
8044	5
8045	5
8046	5
8047	5
8048	5
8049	5
8050	5
8051	5
8052	5
8053	5
8054	5
8055	5
8056	5
8057	5
8058	5
8059	5
8060	5
8061	5
8062	5
8063	5
8064	5
8065	5
8066	5
8067	5
8068	5
8069	5
8070	5
8071	5
8072	5
8073	5
8074	5
8075	5
8076	5
8077	5
8078	5
8079	5
8080	5
8081	5
8082	5
8083	5
8084	5
8085	5
8086	5
8087	5
8088	5
8089	5
8090	5
8091	5
8092	5
8093	5
8094	5
8095	5
8096	5
8097	5
8098	5
8099	5
8100	5
8101	5
8102	5
8103	5
8104	5
8105	5
8106	5
8107	5
8108	5
8109	5
8110	5
8111	5
8112	5
8113	5
8114	5
8115	5
8116	5
8117	5
8118	5
8119	5
8120	5
8121	5
8122	5
8123	5
8124	5
8125	5
8126	5
8127	5
8128	5
8129	5
8130	5
8131	5
8132	5
8133	5
8134	5
8135	5
8136	5
8137	5
8138	5
8139	5
8140	5
8141	5
8142	5
8143	5
8144	5
8145	5
8146	5
8147	5
8148	5
8149	5
8150	5
8151	5
8152	5
8153	5
8154	5
8155	5
8156	5
8157	5
8158	5
8159	5
8160	5
8161	5
8162	5
8163	5
8164	5
8165	5
8166	5
8167	5
8168	5
8169	5
8170	5
8171	5
8172	5
8173	5
8174	5
8175	5
8176	5
8177	5
8178	5
8179	5
8180	5
8181	5
8182	5
8183	5
8184	5
8185	5
8186	5
8187	5
8188	5
8189	5
8190	5
8191	5
8192	5
8193	5
8194	5
8195	5
8196	5
8197	5
8198	5
8199	5
8200	5
8201	5
8202	5
8203	5
8204	5
8205	5
8206	5
8207	5
8208	5
8209	5
8210	5
8211	5
8212	5
8213	5
8214	5
8215	5
8216	5
8217	5
8218	5
8219	5
8220	5
8221	5
8222	5
8223	5
8224	5
8225	5
8226	5
8227	5
8228	5
8229	5
8230	5
8231	5
8232	5
8233	5
8234	5
8235	5
8236	5
8237	5
8238	5
8239	5
8240	5
8241	5
8242	5
8243	5
8244	5
8245	5
8246	5
8247	5
8248	5
8249	5
8250	5
8251	5
8252	5
8253	5
8254	5
8255	5
8256	5
8257	5
8258	5
8259	5
8260	5
8261	5
8262	5
8263	5
8264	5
8265	5
8266	5
8267	5
8268	5
8269	5
8270	5
8271	5
8272	5
8273	5
8274	5
8275	5
8276	5
8277	5
8278	5
8279	5
8280	5
8281	5
8282	5
8283	5
8284	5
8285	5
8286	5
8287	5
8288	5
8289	5
8290	5
8291	5
8292	5
8293	5
8294	5
8295	5
8296	5
8297	5
8298	5
8299	5
8300	5
8301	5
8302	5
8303	5
8304	5
8305	5
8306	5
8307	5
8308	5
8309	5
8310	5
8311	5
8312	5
8313	5
8314	5
8315	5
8316	5
8317	5
8318	5
8319	5
8320	5
8321	5
8322	5
8323	5
8324	5
8325	5
8326	5
8327	5
8328	5
8329	5
8330	5
8331	5
8332	5
8333	5
8334	5
8335	5
8336	5
8337	5
8338	5
8339	5
8340	5
8341	5
8342	5
8343	5
8344	5
8345	5
8346	5
8347	5
8348	5
8349	5
8350	5
8351	5
8352	5
8353	5
8354	5
8355	5
8356	5
8357	5
8358	5
8359	5
8360	5
8361	5
8362	5
8363	5
8364	5
8365	5
8366	5
8367	5
8368	5
8369	5
8370	5
8371	5
8372	5
8373	5
8374	5
8375	5
8376	5
8377	5
8378	5
8379	5
8380	5
8381	5
8382	5
8383	5
8384	5
8385	5
8386	5
8387	5
8388	5
8389	5
8390	5
8391	5
8392	5
8393	5
8394	5
8395	5
8396	5
8397	5
8398	5
8399	5
8400	5
8401	5
8402	5
8403	5
8404	5
8405	5
8406	5
8407	5
8408	5
8409	5
8410	5
8411	5
8412	5
8413	5
8414	5
8415	5
8416	5
8417	5
8418	5
8419	5
8420	5
8421	5
8422	5
8423	5
8424	5
8425	5
8426	5
8427	5
8428	5
8429	5
8430	5
8431	5
8432	5
8433	5
8434	5
8435	5
8436	5
8437	5
8438	5
8439	5
8440	5
8441	5
8442	5
8443	5
8444	5
8445	5
8446	5
8447	5
8448	5
8449	5
8450	5
8451	5
8452	5
8453	5
8454	5
8455	5
8456	5
8457	5
8458	5
8459	5
8460	5
8461	5
8462	5
8463	5
8464	5
8465	5
8466	5
8467	5
8468	5
8469	5
8470	5
8471	5
8472	5
8473	5
8474	5
8475	5
8476	5
8477	5
8478	5
8479	5
8480	5
8481	5
8482	5
8483	5
8484	5
8485	5
8486	5
8487	5
8488	5
8489	5
8490	5
8491	5
8492	5
8493	5
8494	5
8495	5
8496	5
8497	5
8498	5
8499	5
8500	5
8501	5
8502	5
8503	5
8504	5
8505	5
8506	5
8507	5
8508	5
8509	5
8510	5
8511	5
8512	5
8513	5
8514	5
8515	5
8516	5
8517	5
8518	5
8519	5
8520	5
8521	5
8522	5
8523	5
8524	5
8525	5
8526	5
8527	5
8528	5
8529	5
8530	5
8531	5
8532	5
8533	5
8534	5
8535	5
8536	5
8537	5
8538	5
8539	5
8540	5
8541	5
8542	5
8543	5
8544	5
8545	5
8546	5
8547	5
8548	5
8549	5
8550	5
8551	5
8552	5
8553	5
8554	5
8555	5
8556	5
8557	5
8558	5
8559	5
8560	5
8561	5
8562	5
8563	5
8564	5
8565	5
8566	5
8567	5
8568	5
8569	5
8570	5
8571	5
8572	5
8573	5
8574	5
8575	5
8576	5
8577	5
8578	5
8579	5
8580	5
8581	5
8582	5
8583	5
8584	5
8585	5
8586	5
8587	5
8588	5
8589	5
8590	5
8591	5
8592	5
8593	5
8594	5
8595	5
8596	5
8597	5
8598	5
8599	5
8600	5
8601	5
8602	5
8603	5
8604	5
8605	5
8606	5
8607	5
8608	5
8609	5
8610	5
8611	5
8612	5
8613	5
8614	5
8615	5
8616	5
8617	5
8618	5
8619	5
8620	5
8621	5
8622	5
8623	5
8624	5
8625	5
8626	5
8627	5
8628	5
8629	5
8630	5
8631	5
8632	5
8633	5
8634	5
8635	5
8636	5
8637	5
8638	5
8639	5
8640	5
8641	5
8642	5
8643	5
8644	5
8645	5
8646	5
8647	5
8648	5
8649	5
8650	5
8651	5
8652	5
8653	5
8654	5
8655	5
8656	5
8657	5
8658	5
8659	5
8660	5
8661	5
8662	5
8663	5
8664	5
8665	5
8666	5
8667	5
8668	5
8669	5
8670	5
8671	5
8672	5
8673	5
8674	5
8675	5
8676	5
8677	5
8678	5
8679	5
8680	5
8681	5
8682	5
8683	5
8684	5
8685	5
8686	5
8687	5
8688	5
8689	5
8690	5
8691	5
8692	5
8693	5
8694	5
8695	5
8696	5
8697	5
8698	5
8699	5
8700	5
8701	5
8702	5
8703	5
8704	5
8705	5
8706	5
8707	5
8708	5
8709	5
8710	5
8711	5
8712	5
8713	5
8714	5
8715	5
8716	5
8717	5
8718	5
8719	5
8720	5
8721	5
8722	5
8723	5
8724	5
8725	5
8726	5
8727	5
8728	5
8729	5
8730	5
8731	5
8732	5
8733	5
8734	5
8735	5
8736	5
8737	5
8738	5
8739	5
8740	5
8741	5
8742	5
8743	5
8744	5
8745	5
8746	5
8747	5
8748	5
8749	5
8750	5
8751	5
8752	5
8753	5
8754	5
8755	5
8756	5
8757	5
8758	5
8759	5
8760	5
8761	5
8762	5
8763	5
8764	5
8765	5
8766	5
8767	5
8768	5
8769	5
8770	5
8771	5
8772	5
8773	5
8774	5
8775	5
8776	5
8777	5
8778	5
8779	5
8780	5
8781	5
8782	5
8783	5
8784	5
8785	5
8786	5
8787	5
8788	5
8789	5
8790	5
8791	5
8792	5
8793	5
8794	5
8795	5
8796	5
8797	5
8798	5
8799	5
8800	5
8801	5
8802	5
8803	5
8804	5
8805	5
8806	5
8807	5
8808	5
8809	5
8810	5
8811	5
8812	5
8813	5
8814	5
8815	5
8816	5
8817	5
8818	5
8819	5
8820	5
8821	5
8822	5
8823	5
8824	5
8825	5
8826	5
8827	5
8828	5
8829	5
8830	5
8831	5
8832	5
8833	5
8834	5
8835	5
8836	5
8837	5
8838	5
8839	5
8840	5
8841	5
8842	5
8843	5
8844	5
8845	5
8846	5
8847	5
8848	5
8849	5
8850	5
8851	5
8852	5
8853	5
8854	5
8855	5
8856	5
8857	5
8858	5
8859	5
8860	5
8861	5
8862	5
8863	5
8864	5
8865	5
8866	5
8867	5
8868	5
8869	5
8870	5
8871	5
8872	5
8873	5
8874	5
8875	5
8876	5
8877	5
8878	5
8879	5
8880	5
8881	5
8882	5
8883	5
8884	5
8885	5
8886	5
8887	5
8888	5
8889	5
8890	5
8891	5
8892	5
8893	5
8894	5
8895	5
8896	5
8897	5
8898	5
8899	5
8900	5
8901	5
8902	5
8903	5
8904	5
8905	5
8906	5
8907	5
8908	5
8909	5
8910	5
8911	5
8912	5
8913	5
8914	5
8915	5
8916	5
8917	5
8918	5
8919	5
8920	5
8921	5
8922	5
8923	5
8924	5
8925	5
8926	5
8927	5
8928	5
8929	5
8930	5
8931	5
8932	5
8933	5
8934	5
8935	5
8936	5
8937	5
8938	5
8939	5
8940	5
8941	5
8942	5
8943	5
8944	5
8945	5
8946	5
8947	5
8948	5
8949	5
8950	5
8951	5
8952	5
8953	5
8954	5
8955	5
8956	5
8957	5
8958	5
8959	5
8960	5
8961	5
8962	5
8963	5
8964	5
8965	5
8966	5
8967	5
8968	5
8969	5
8970	5
8971	5
8972	5
8973	5
8974	5
8975	5
8976	5
8977	5
8978	5
8979	5
8980	5
8981	5
8982	5
8983	5
8984	5
8985	5
8986	5
8987	5
8988	5
8989	5
8990	5
8991	5
8992	5
8993	5
8994	5
8995	5
8996	5
8997	5
8998	5
8999	5
9000	5
9001	5
9002	5
9003	5
9004	5
9005	5
9006	5
9007	5
9008	5
9009	5
9010	5
9011	5
9012	5
9013	5
9014	5
9015	5
9016	5
9017	5
9018	5
9019	5
9020	5
9021	5
9022	5
9023	5
9024	5
9025	5
9026	5
9027	5
9028	5
9029	5
9030	5
9031	5
9032	5
9033	5
9034	5
9035	5
9036	5
9037	5
9038	5
9039	5
9040	5
9041	5
9042	5
9043	5
9044	5
9045	5
9046	5
9047	5
9048	5
9049	5
9050	5
9051	5
9052	5
9053	5
9054	5
9055	5
9056	5
9057	5
9058	5
9059	5
9060	5
9061	5
9062	5
9063	5
9064	5
9065	5
9066	5
9067	5
9068	5
9069	5
9070	5
9071	5
9072	5
9073	5
9074	5
9075	5
9076	5
9077	5
9078	5
9079	5
9080	5
9081	5
9082	5
9083	5
9084	5
9085	5
9086	5
9087	5
9088	5
9089	5
9090	5
9091	5
9092	5
9093	5
9094	5
9095	5
9096	5
9097	5
9098	5
9099	5
9100	5
9101	5
9102	5
9103	5
9104	5
9105	5
9106	5
9107	5
9108	5
9109	5
9110	5
9111	5
9112	5
9113	5
9114	5
9115	5
9116	5
9117	5
9118	5
9119	5
9120	5
9121	5
9122	5
9123	5
9124	5
9125	5
9126	5
9127	5
9128	5
9129	6
9130	6
9131	6
9132	6
9133	6
9134	6
9135	6
9136	6
9137	6
9138	6
9139	6
9140	6
9141	6
9142	6
9143	6
9144	6
9145	6
9146	6
9147	6
9148	6
9149	6
9150	6
9151	6
9152	6
9153	6
9154	6
9155	6
9156	6
9157	6
9158	6
9159	6
9160	6
9161	6
9162	6
9163	6
9164	6
9165	6
9166	6
9167	6
9168	6
9169	6
9170	6
9171	6
9172	6
9173	6
9174	6
9175	6
9176	6
9177	6
9178	6
9179	6
9180	6
9181	6
9182	6
9183	6
9184	6
9185	6
9186	6
9187	6
9188	6
9189	6
9190	6
9191	6
9192	6
9193	6
9194	6
9195	6
9196	6
9197	6
9198	6
9199	6
9200	6
9201	6
9202	6
9203	6
9204	6
9205	6
9206	6
9207	6
9208	6
9209	6
9210	6
9211	6
9212	6
9213	6
9214	6
9215	6
9216	6
9217	6
9218	6
9219	6
9220	6
9221	6
9222	6
9223	6
9224	6
9225	6
9226	6
9227	6
9228	6
9229	6
9230	6
9231	6
9232	6
9233	6
9234	6
9235	6
9236	6
9237	6
9238	6
9239	6
9240	6
9241	6
9242	6
9243	6
9244	6
9245	6
9246	6
9247	6
9248	6
9249	6
9250	6
9251	6
9252	6
9253	6
9254	6
9255	6
9256	6
9257	6
9258	6
9259	6
9260	6
9261	6
9262	6
9263	6
9264	6
9265	6
9266	6
9267	6
9268	6
9269	6
9270	6
9271	6
9272	6
9273	6
9274	6
9275	6
9276	6
9277	6
9278	6
9279	6
9280	6
9281	6
9282	6
9283	6
9284	6
9285	6
9286	6
9287	6
9288	6
9289	6
9290	6
9291	6
9292	6
9293	6
9294	6
9295	6
9296	6
9297	6
9298	6
9299	6
9300	6
9301	6
9302	6
9303	6
9304	6
9305	6
9306	6
9307	6
9308	6
9309	6
9310	6
9311	6
9312	6
9313	6
9314	6
9315	6
9316	6
9317	6
9318	6
9319	6
9320	6
9321	6
9322	6
9323	6
9324	6
9325	6
9326	6
9327	6
9328	6
9329	6
9330	6
9331	6
9332	6
9333	6
9334	6
9335	6
9336	6
9337	6
9338	6
9339	6
9340	6
9341	6
9342	6
9343	6
9344	6
9345	6
9346	6
9347	6
9348	6
9349	6
9350	6
9351	6
9352	6
9353	6
9354	6
9355	6
9356	6
9357	6
9358	6
9359	6
9360	6
9361	6
9362	6
9363	6
9364	6
9365	6
9366	6
9367	6
9368	6
9369	6
9370	6
9371	6
9372	6
9373	6
9374	6
9375	6
9376	6
9377	6
9378	6
9379	6
9380	6
9381	6
9382	6
9383	6
9384	6
9385	6
9386	6
9387	6
9388	6
9389	6
9390	6
9391	6
9392	6
9393	6
9394	6
9395	6
9396	6
9397	6
9398	6
9399	6
9400	6
9401	6
9402	6
9403	6
9404	6
9405	6
9406	6
9407	6
9408	6
9409	6
9410	6
9411	6
9412	6
9413	6
9414	6
9415	6
9416	6
9417	6
9418	6
9419	6
9420	6
9421	6
9422	6
9423	6
9424	6
9425	6
9426	6
9427	6
9428	6
9429	6
9430	6
9431	6
9432	6
9433	6
9434	6
9435	6
9436	6
9437	6
9438	6
9439	6
9440	6
9441	6
9442	6
9443	6
9444	6
9445	6
9446	6
9447	6
9448	6
9449	6
9450	6
9451	6
9452	6
9453	6
9454	6
9455	6
9456	6
9457	6
9458	6
9459	6
9460	6
9461	6
9462	6
9463	6
9464	6
9465	6
9466	6
9467	6
9468	6
9469	6
9470	6
9471	6
9472	6
9473	6
9474	6
9475	6
9476	6
9477	6
9478	6
9479	6
9480	6
9481	6
9482	6
9483	6
9484	6
9485	6
9486	6
9487	6
9488	6
9489	6
9490	6
9491	6
9492	6
9493	6
9494	6
9495	6
9496	6
9497	6
9498	6
9499	6
9500	6
9501	6
9502	6
9503	6
9504	6
9505	6
9506	6
9507	6
9508	6
9509	6
9510	6
9511	6
9512	6
9513	6
9514	6
9515	6
9516	6
9517	6
9518	6
9519	6
9520	6
9521	6
9522	6
9523	6
9524	6
9525	6
9526	6
9527	6
9528	6
9529	6
9530	6
9531	6
9532	6
9533	6
9534	6
9535	6
9536	6
9537	6
9538	6
9539	6
9540	6
9541	6
9542	6
9543	6
9544	6
9545	6
9546	6
9547	6
9548	6
9549	6
9550	6
9551	6
9552	6
9553	6
9554	6
9555	6
9556	6
9557	6
9558	6
9559	6
9560	6
9561	6
9562	6
9563	6
9564	6
9565	6
9566	6
9567	6
9568	6
9569	6
9570	6
9571	6
9572	6
9573	6
9574	6
9575	6
9576	6
9577	6
9578	6
9579	6
9580	6
9581	7
9582	7
9583	7
9584	7
9585	7
9586	7
9587	7
9588	7
9589	7
9590	7
9591	7
9592	7
9593	7
9594	7
9595	7
9596	7
9597	7
9598	7
9599	7
9600	7
9601	7
9602	7
9603	7
9604	7
9605	7
9606	7
9607	7
9608	7
9609	7
9610	7
9611	7
9612	7
9613	7
9614	7
9615	7
9616	7
9617	7
9618	7
9619	7
9620	7
9621	7
9622	7
9623	7
9624	7
9625	7
9626	7
9627	7
9628	7
9629	7
9630	7
9631	7
9632	7
9633	7
9634	7
9635	7
9636	7
9637	7
9638	7
9639	7
9640	7
9641	7
9642	7
9643	7
9644	7
9645	7
9646	7
9647	7
9648	7
9649	7
9650	7
9651	7
9652	7
9653	7
9654	7
9655	7
9656	7
9657	7
9658	7
9659	7
9660	7
9661	7
9662	7
9663	7
9664	7
9665	7
9666	7
9667	7
9668	7
9669	7
9670	7
9671	7
9672	7
9673	7
9674	7
9675	7
9676	7
9677	7
9678	7
9679	7
9680	7
9681	7
9682	7
9683	7
9684	7
9685	7
9686	7
9687	7
9688	7
9689	7
9690	7
9691	7
9692	7
9693	7
9694	7
9695	7
9696	7
9697	7
9698	7
9699	7
9700	7
9701	7
9702	7
9703	7
9704	7
9705	7
9706	7
9707	7
9708	7
9709	7
9710	7
9711	7
9712	7
9713	7
9714	7
9715	7
9716	7
9717	7
9718	7
9719	7
9720	7
9721	7
9722	7
9723	7
9724	7
9725	7
9726	7
9727	7
9728	7
9729	7
9730	7
9731	7
9732	7
9733	7
9734	7
9735	7
9736	7
9737	7
9738	7
9739	7
9740	7
9741	7
9742	7
9743	7
9744	7
9745	7
9746	7
9747	7
9748	7
9749	7
9750	7
9751	7
9752	7
9753	7
9754	7
9755	7
9756	7
9757	7
9758	7
9759	7
9760	7
9761	7
9762	7
9763	7
9764	7
9765	7
9766	7
9767	7
9768	7
9769	7
9770	7
9771	7
9772	7
9773	7
9774	7
9775	7
9776	7
9777	7
9778	7
9779	7
9780	7
9781	7
9782	7
9783	7
9784	7
9785	7
9786	7
9787	7
9788	7
9789	7
9790	7
9791	7
9792	7
9793	7
9794	7
9795	7
9796	7
9797	7
9798	7
9799	7
9800	7
9801	7
9802	7
9803	7
9804	7
9805	7
9806	7
9807	7
9808	7
9809	7
9810	7
9811	7
9812	7
9813	7
9814	7
9815	7
9816	7
9817	7
9818	7
9819	7
9820	7
9821	7
9822	7
9823	7
9824	7
9825	7
9826	7
9827	7
9828	7
9829	7
9830	7
9831	7
9832	7
9833	7
9834	7
9835	7
9836	7
9837	7
9838	7
9839	7
9840	7
9841	7
9842	7
9843	7
9844	7
9845	7
9846	7
9847	7
9848	7
9849	7
9850	7
9851	7
9852	7
9853	7
9854	7
9855	7
9856	7
9857	7
9858	7
9859	7
9860	7
9861	7
9862	7
9863	7
9864	7
9865	7
9866	7
9867	7
9868	7
9869	7
9870	7
9871	7
9872	7
9873	7
9874	7
9875	7
9876	7
9877	7
9878	7
9879	7
9880	7
9881	7
9882	7
9883	7
9884	7
9885	7
9886	7
9887	7
9888	7
9889	7
9890	7
9891	7
9892	7
9893	7
9894	7
9895	7
9896	7
9897	7
9898	7
9899	7
9900	7
9901	7
9902	7
9903	7
9904	7
9905	7
9906	7
9907	7
9908	7
9909	7
9910	7
9911	7
9912	7
9913	7
9914	7
9915	7
9916	7
9917	7
9918	7
9919	7
9920	7
9921	7
9922	7
9923	7
9924	7
9925	7
9926	7
9927	7
9928	7
9929	7
9930	7
9931	7
9932	7
9933	7
9934	7
9935	7
9936	7
9937	7
9938	7
9939	7
9940	7
9941	7
9942	7
9943	7
9944	7
9945	7
9946	7
9947	7
9948	7
9949	7
9950	7
9951	7
9952	7
9953	7
9954	7
9955	7
9956	7
9957	7
9958	7
9959	7
9960	7
9961	7
9962	7
9963	7
9964	7
9965	7
9966	7
9967	7
9968	7
9969	7
9970	7
9971	7
9972	7
9973	7
9974	7
9975	7
9976	7
9977	7
9978	7
9979	7
9980	7
9981	7
9982	7
9983	7
9984	7
9985	7
9986	7
9987	7
9988	7
9989	7
9990	7
9991	7
9992	7
9993	7
9994	7
9995	7
9996	7
9997	7
9998	7
9999	7
10000	7
10001	7
10002	7
10003	7
10004	7
10005	7
10006	7
10007	7
10008	7
10009	7
10010	7
10011	7
10012	7
10013	7
10014	7
10015	7
10016	7
10017	7
10018	7
10019	7
10020	7
10021	7
10022	7
10023	7
10024	7
10025	7
10026	7
10027	7
10028	7
10029	7
10030	7
10031	7
10032	7
10033	7
10034	7
10035	7
10036	7
10037	7
10038	7
10039	7
10040	7
10041	7
10042	7
10043	7
10044	7
10045	7
10046	7
10047	7
10048	7
10049	7
10050	7
10051	7
10052	7
10053	7
10054	7
10055	7
10056	7
10057	7
10058	7
10059	7
10060	7
10061	7
10062	7
10063	7
10064	7
10065	7
10066	7
10067	7
10068	7
10069	7
10070	7
10071	7
10072	7
10073	7
10074	7
10075	7
10076	7
10077	7
10078	7
10079	7
10080	7
10081	7
10082	7
10083	7
10084	7
10085	7
10086	7
10087	7
10088	7
10089	7
10090	7
10091	7
10092	7
10093	7
10094	7
10095	7
10096	7
10097	7
10098	7
10099	7
10100	7
10101	7
10102	7
10103	7
10104	7
10105	7
10106	7
10107	7
10108	7
10109	7
10110	7
10111	7
10112	7
10113	7
10114	7
10115	7
10116	7
10117	7
10118	7
10119	7
10120	7
10121	7
10122	7
10123	7
10124	7
10125	7
10126	7
10127	7
10128	7
10129	7
10130	7
10131	7
10132	7
10133	7
10134	7
10135	7
10136	7
10137	7
10138	7
10139	7
10140	7
10141	7
10142	7
10143	7
10144	7
10145	7
10146	7
10147	7
10148	7
10149	7
10150	7
10151	7
10152	7
10153	7
10154	7
10155	7
10156	7
10157	7
10158	7
10159	7
10160	7
10161	7
10162	7
10163	7
10164	7
10165	7
10166	7
10167	7
10168	7
10169	7
10170	7
10171	7
10172	7
10173	7
10174	7
10175	7
10176	7
10177	7
10178	7
10179	7
10180	7
10181	7
10182	7
10183	7
10184	7
10185	7
10186	7
10187	7
10188	7
10189	7
10190	7
10191	7
10192	7
10193	7
10194	7
10195	7
10196	7
10197	7
10198	7
10199	7
10200	7
10201	7
10202	7
10203	7
10204	7
10205	7
10206	7
10207	7
10208	7
10209	7
10210	7
10211	7
10212	7
10213	7
10214	7
10215	7
10216	7
10217	7
10218	7
10219	7
10220	7
10221	7
10222	7
10223	7
10224	7
10225	7
10226	7
10227	7
10228	7
10229	7
10230	7
10231	7
10232	7
10233	7
10234	7
10235	7
10236	7
10237	7
10238	7
10239	7
10240	7
10241	7
10242	7
10243	7
10244	7
10245	7
10246	7
10247	7
10248	7
10249	7
10250	7
10251	7
10252	7
10253	7
10254	7
10255	7
10256	7
10257	7
10258	7
10259	7
10260	7
10261	7
10262	7
10263	7
10264	7
10265	7
10266	7
10267	7
10268	7
10269	7
10270	7
10271	7
10272	7
10273	7
10274	7
10275	7
10276	7
10277	7
10278	7
10279	7
10280	7
10281	7
10282	7
10283	7
10284	7
10285	7
10286	7
10287	7
10288	7
10289	7
10290	7
10291	7
10292	7
10293	7
10294	7
10295	7
10296	7
10297	7
10298	7
10299	7
10300	7
10301	7
10302	7
10303	7
10304	7
10305	7
10306	7
10307	7
10308	7
10309	7
10310	7
10311	7
10312	7
10313	7
10314	7
10315	7
10316	7
10317	7
10318	7
10319	7
10320	7
10321	7
10322	7
10323	7
10324	7
10325	7
10326	7
10327	7
10328	7
10329	7
10330	7
10331	7
10332	7
10333	7
10334	7
10335	7
10336	7
10337	7
10338	7
10339	7
10340	7
10341	7
10342	7
10343	7
10344	7
10345	7
10346	7
10347	7
10348	7
10349	7
10350	7
10351	7
10352	7
10353	7
10354	7
10355	7
10356	7
10357	7
10358	7
10359	7
10360	7
10361	7
10362	7
10363	7
10364	7
10365	7
10366	7
10367	7
10368	7
10369	7
10370	7
10371	7
10372	7
10373	7
10374	7
10375	7
10376	7
10377	7
10378	7
10379	7
10380	7
10381	7
10382	7
10383	7
10384	7
10385	7
10386	7
10387	7
10388	7
10389	7
10390	7
10391	7
10392	7
10393	7
10394	7
10395	7
10396	7
10397	7
10398	7
10399	7
10400	7
10401	7
10402	7
10403	7
10404	7
10405	7
10406	7
10407	7
10408	7
10409	7
10410	7
10411	7
10412	7
10413	7
10414	7
10415	7
10416	7
10417	7
10418	7
10419	7
10420	7
10421	7
10422	7
10423	7
10424	7
10425	7
10426	7
10427	7
10428	7
10429	7
10430	7
10431	7
10432	7
10433	7
10434	7
10435	7
10436	7
10437	7
10438	7
10439	7
10440	7
10441	7
10442	7
10443	7
10444	7
10445	7
10446	7
10447	7
10448	7
10449	7
10450	7
10451	7
10452	7
10453	7
10454	7
10455	7
10456	7
10457	7
10458	7
10459	7
10460	7
10461	7
10462	7
10463	7
10464	7
10465	7
10466	7
10467	7
10468	7
10469	7
10470	7
10471	7
10472	7
10473	7
10474	7
10475	7
10476	7
10477	7
10478	7
10479	7
10480	7
10481	7
10482	7
10483	7
10484	7
10485	7
10486	7
10487	7
10488	7
10489	7
10490	7
10491	7
10492	7
10493	7
10494	7
10495	7
10496	7
10497	7
10498	7
10499	7
10500	7
10501	7
10502	7
10503	7
10504	7
10505	7
10506	7
10507	7
10508	7
10509	7
10510	7
10511	7
10512	7
10513	7
10514	7
10515	7
10516	7
10517	7
10518	7
10519	7
10520	7
10521	7
10522	7
10523	7
10524	7
10525	7
10526	7
10527	7
10528	7
10529	7
10530	7
10531	7
10532	7
10533	7
10534	7
10535	7
10536	7
10537	7
10538	7
10539	7
10540	7
10541	7
10542	7
10543	7
10544	7
10545	7
10546	7
10547	7
10548	7
10549	7
10550	7
10551	7
10552	7
10553	7
10554	7
10555	7
10556	7
10557	7
10558	7
10559	7
10560	7
10561	7
10562	7
10563	7
10564	7
10565	7
10566	7
10567	7
10568	7
10569	7
10570	7
10571	7
10572	7
10573	7
10574	7
10575	7
10576	7
10577	7
10578	7
10579	7
10580	7
10581	7
10582	7
10583	7
10584	7
10585	7
10586	7
10587	7
10588	7
10589	7
10590	7
10591	7
10592	7
10593	7
10594	7
10595	7
10596	7
10597	7
10598	7
10599	7
10600	7
10601	7
10602	7
10603	7
10604	7
10605	7
10606	7
10607	7
10608	7
10609	7
10610	7
10611	7
10612	7
10613	7
10614	7
10615	7
10616	7
10617	7
10618	7
10619	7
10620	7
10621	7
10622	7
10623	7
10624	7
10625	7
10626	7
10627	7
10628	7
10629	7
10630	7
10631	7
10632	7
10633	7
10634	7
10635	7
10636	7
10637	7
10638	7
10639	7
10640	7
10641	7
10642	7
10643	7
10644	7
10645	7
10646	7
10647	7
10648	7
10649	7
10650	7
10651	7
10652	7
10653	7
10654	7
10655	7
10656	7
10657	7
10658	7
10659	7
10660	7
10661	7
10662	7
10663	7
10664	7
10665	7
10666	7
10667	7
10668	7
10669	7
10670	7
10671	7
10672	7
10673	7
10674	7
10675	7
10676	7
10677	7
10678	7
10679	7
10680	7
10681	7
10682	7
10683	7
10684	7
10685	7
10686	7
10687	7
10688	7
10689	7
10690	7
10691	7
10692	7
10693	7
10694	7
10695	7
10696	7
10697	7
10698	7
10699	7
10700	7
10701	7
10702	7
10703	7
10704	7
10705	7
10706	7
10707	7
10708	7
10709	7
10710	7
10711	7
10712	7
10713	7
10714	7
10715	7
10716	7
10717	7
10718	7
10719	7
10720	7
10721	7
10722	7
10723	7
10724	7
10725	7
10726	7
10727	7
10728	7
10729	7
10730	7
10731	7
10732	7
10733	7
10734	7
10735	7
10736	7
10737	7
10738	7
10739	7
10740	7
10741	7
10742	7
10743	7
10744	7
10745	7
10746	7
10747	7
10748	7
10749	7
10750	7
10751	7
10752	7
10753	7
10754	7
10755	7
10756	7
10757	7
10758	7
10759	7
10760	7
10761	7
10762	7
10763	7
10764	7
10765	7
10766	7
10767	7
10768	7
10769	7
10770	7
10771	7
10772	7
10773	7
10774	7
10775	7
10776	7
10777	7
10778	7
10779	7
10780	7
10781	7
10782	7
10783	7
10784	7
10785	7
10786	7
10787	7
10788	7
10789	7
10790	7
10791	7
10792	7
10793	7
10794	7
10795	7
10796	7
10797	7
10798	7
10799	7
10800	7
10801	7
10802	7
10803	7
10804	7
10805	7
10806	7
10807	7
10808	7
10809	7
10810	7
10811	7
10812	7
10813	7
10814	7
10815	7
10816	7
10817	7
10818	7
10819	7
10820	7
10821	7
10822	7
10823	7
10824	7
10825	7
10826	7
10827	7
10828	7
10829	7
10830	7
10831	7
10832	7
10833	7
10834	7
10835	7
10836	7
10837	7
10838	7
10839	7
10840	7
10841	7
10842	7
10843	7
10844	7
10845	7
10846	7
10847	7
10848	7
10849	7
10850	7
10851	7
10852	7
10853	7
10854	7
10855	7
10856	7
10857	7
10858	7
10859	7
10860	7
10861	7
10862	7
10863	7
10864	7
10865	7
10866	7
10867	7
10868	7
10869	7
10870	7
10871	7
10872	7
10873	7
10874	7
10875	7
10876	7
10877	7
10878	7
10879	7
10880	7
10881	7
10882	7
10883	7
10884	7
10885	7
10886	7
10887	7
10888	7
10889	7
10890	7
10891	7
10892	7
10893	7
10894	7
10895	7
10896	7
10897	7
10898	7
10899	7
10900	7
10901	7
10902	7
10903	7
10904	7
10905	8
10906	8
10907	8
10908	8
10909	8
10910	8
10911	8
10912	8
10913	8
10914	8
10915	8
10916	8
10917	8
10918	8
10919	8
10920	8
10921	8
10922	8
10923	8
10924	8
10925	8
10926	8
10927	8
10928	8
10929	8
10930	8
10931	8
10932	8
10933	8
10934	8
10935	8
10936	8
10937	8
10938	8
10939	8
10940	8
10941	8
10942	8
10943	8
10944	8
10945	8
10946	8
10947	8
10948	8
10949	8
10950	8
10951	8
10952	8
10953	8
10954	8
10955	8
10956	8
10957	8
10958	8
10959	8
10960	8
10961	8
10962	8
10963	8
10964	8
10965	8
10966	8
10967	8
10968	8
10969	8
10970	8
10971	8
10972	8
10973	8
10974	8
10975	8
10976	8
10977	8
10978	8
10979	8
10980	8
10981	8
10982	8
10983	8
10984	8
10985	8
10986	8
10987	8
10988	8
10989	8
10990	8
10991	8
10992	8
10993	8
10994	8
10995	8
10996	8
10997	8
10998	8
10999	8
11000	8
11001	8
11002	8
11003	8
11004	8
11005	8
11006	8
11007	8
11008	8
11009	8
11010	8
11011	8
11012	8
11013	8
11014	8
11015	8
11016	8
11017	8
11018	8
11019	8
11020	8
11021	8
11022	8
11023	8
11024	8
11025	8
11026	8
11027	8
11028	8
11029	8
11030	8
11031	8
11032	8
11033	8
11034	8
11035	8
11036	8
11037	8
11038	8
11039	8
11040	8
11041	8
11042	8
11043	8
11044	8
11045	8
11046	8
11047	8
11048	8
11049	8
11050	8
11051	8
11052	8
11053	8
11054	8
11055	8
11056	8
11057	8
11058	8
11059	8
11060	8
11061	8
11062	8
11063	8
11064	8
11065	8
11066	8
11067	8
11068	8
11069	8
11070	8
11071	8
11072	8
11073	8
11074	8
11075	8
11076	8
11077	8
11078	8
11079	8
11080	8
11081	8
11082	8
11083	8
11084	8
11085	8
11086	8
11087	8
11088	8
11089	8
11090	8
11091	8
11092	8
11093	8
11094	8
11095	8
11096	8
11097	8
11098	8
11099	8
11100	8
11101	8
11102	8
11103	8
11104	8
11105	8
11106	8
11107	8
11108	8
11109	8
11110	8
11111	8
11112	8
11113	8
11114	8
11115	8
11116	8
11117	8
11118	8
11119	8
11120	8
11121	8
11122	8
11123	8
11124	8
11125	8
11126	8
11127	8
11128	8
11129	8
11130	8
11131	8
11132	8
11133	8
11134	8
11135	8
11136	8
11137	8
11138	8
11139	8
11140	8
11141	8
11142	8
11143	8
11144	8
11145	8
11146	8
11147	8
11148	8
11149	8
11150	8
11151	8
11152	8
11153	8
11154	8
11155	8
11156	8
11157	8
11158	8
11159	8
11160	8
11161	8
11162	8
11163	8
11164	8
11165	8
11166	8
11167	8
11168	8
11169	8
11170	8
11171	8
11172	8
11173	8
11174	8
11175	8
11176	8
11177	8
11178	8
11179	8
11180	8
11181	8
11182	8
11183	8
11184	8
11185	8
11186	8
11187	8
11188	8
11189	8
11190	8
11191	8
11192	8
11193	8
11194	8
11195	8
11196	8
11197	8
11198	8
11199	8
11200	8
11201	8
11202	8
11203	8
11204	8
11205	8
11206	8
11207	8
11208	8
11209	8
11210	8
11211	8
11212	8
11213	8
11214	8
11215	8
11216	8
11217	8
11218	8
11219	8
11220	8
11221	8
11222	8
11223	8
11224	8
11225	8
11226	8
11227	8
11228	8
11229	8
11230	8
11231	8
11232	8
11233	8
11234	8
11235	8
11236	8
11237	8
11238	8
11239	8
11240	8
11241	8
11242	8
11243	8
11244	8
11245	8
11246	8
11247	8
11248	8
11249	8
11250	8
11251	8
11252	8
11253	8
11254	8
11255	8
11256	8
11257	8
11258	8
11259	8
11260	8
11261	8
11262	8
11263	8
11264	8
11265	8
11266	8
11267	8
11268	8
11269	8
11270	8
11271	8
11272	8
11273	8
11274	8
11275	8
11276	8
11277	8
11278	8
11279	8
11280	8
11281	8
11282	8
11283	8
11284	8
11285	8
11286	8
11287	8
11288	8
11289	8
11290	8
11291	8
11292	8
11293	8
11294	8
11295	8
11296	8
11297	8
11298	8
11299	8
11300	8
11301	8
11302	8
11303	8
11304	8
11305	8
11306	8
11307	8
11308	8
11309	8
11310	8
11311	8
11312	8
11313	8
11314	8
11315	8
11316	8
11317	8
11318	8
11319	8
11320	8
11321	8
11322	8
11323	8
11324	8
11325	8
11326	8
11327	8
11328	8
11329	8
11330	8
11331	8
11332	8
11333	8
11334	8
11335	8
11336	8
11337	8
11338	8
11339	8
11340	8
11341	8
11342	8
11343	8
11344	8
11345	8
11346	8
11347	8
11348	8
11349	8
11350	8
11351	8
11352	8
11353	8
11354	8
11355	8
11356	8
11357	8
11358	8
11359	8
11360	8
11361	8
11362	8
11363	8
11364	8
11365	8
11366	8
11367	8
11368	8
11369	8
11370	8
11371	8
11372	8
11373	8
11374	8
11375	8
11376	8
11377	8
11378	8
11379	8
11380	8
11381	8
11382	8
11383	8
11384	8
11385	8
11386	8
11387	8
11388	8
11389	8
11390	8
11391	8
11392	8
11393	8
11394	8
11395	8
11396	8
11397	8
11398	8
11399	8
11400	8
11401	8
11402	8
11403	8
11404	8
11405	8
11406	8
11407	8
11408	8
11409	8
11410	8
11411	8
11412	8
11413	8
11414	8
11415	8
11416	8
11417	8
11418	8
11419	8
11420	8
11421	8
11422	8
11423	8
11424	8
11425	8
11426	8
11427	8
11428	8
11429	8
11430	8
11431	8
11432	8
11433	8
11434	8
11435	8
11436	8
11437	8
11438	8
11439	8
11440	8
11441	8
11442	8
11443	8
11444	8
11445	8
11446	8
11447	8
11448	8
11449	8
11450	8
11451	8
11452	8
11453	8
11454	8
11455	8
11456	8
11457	8
11458	8
11459	8
11460	8
11461	8
11462	8
11463	8
11464	8
11465	8
11466	8
11467	8
11468	8
11469	8
11470	8
11471	8
11472	8
11473	8
11474	8
11475	8
11476	8
11477	8
11478	8
11479	8
11480	8
11481	8
11482	8
11483	8
11484	8
11485	8
11486	8
11487	8
11488	8
11489	8
11490	8
11491	8
11492	8
11493	8
11494	8
11495	8
11496	8
11497	8
11498	8
11499	8
11500	8
11501	8
11502	8
11503	8
11504	8
11505	8
11506	8
11507	8
11508	8
11509	8
11510	8
11511	8
11512	8
11513	8
11514	8
11515	8
11516	8
11517	8
11518	8
11519	8
11520	8
11521	8
11522	8
11523	8
11524	8
11525	8
11526	8
11527	8
11528	8
11529	8
11530	8
11531	8
11532	8
11533	8
11534	8
11535	8
11536	8
11537	8
11538	8
11539	8
11540	8
11541	8
11542	8
11543	8
11544	8
11545	8
11546	8
11547	8
11548	8
11549	8
11550	8
11551	8
11552	8
11553	8
11554	8
11555	8
11556	8
11557	8
11558	8
11559	8
11560	8
11561	8
11562	8
11563	8
11564	8
11565	8
11566	8
11567	8
11568	8
11569	8
11570	8
11571	8
11572	8
11573	8
11574	8
11575	8
11576	8
11577	8
11578	8
11579	8
11580	8
11581	8
11582	8
11583	8
11584	8
11585	8
11586	8
11587	8
11588	8
11589	8
11590	8
11591	8
11592	8
11593	8
11594	8
11595	8
11596	8
11597	8
11598	8
11599	8
11600	8
11601	8
11602	8
11603	8
11604	8
11605	8
11606	8
11607	8
11608	8
11609	8
11610	8
11611	8
11612	8
11613	8
11614	8
11615	8
11616	8
11617	8
11618	8
11619	8
11620	8
11621	8
11622	8
11623	8
11624	8
11625	8
11626	8
11627	8
11628	8
11629	8
11630	8
11631	8
11632	8
11633	8
11634	8
11635	8
11636	8
11637	8
11638	8
11639	8
11640	8
11641	8
11642	8
11643	8
11644	8
11645	8
11646	8
11647	8
11648	8
11649	8
11650	8
11651	8
11652	8
11653	8
11654	8
11655	8
11656	8
11657	8
11658	8
11659	8
11660	8
11661	8
11662	8
11663	8
11664	8
11665	8
11666	8
11667	8
11668	8
11669	8
11670	8
11671	8
11672	8
11673	8
11674	8
11675	8
11676	8
11677	8
11678	8
11679	8
11680	8
11681	8
11682	8
11683	8
11684	8
11685	8
11686	8
11687	8
11688	8
11689	8
11690	8
11691	8
11692	8
11693	8
11694	8
11695	8
11696	8
11697	8
11698	8
11699	8
11700	8
11701	8
11702	8
11703	8
11704	8
11705	8
11706	8
11707	8
11708	8
11709	8
11710	8
11711	8
11712	8
11713	8
11714	8
11715	8
11716	8
11717	8
11718	8
11719	8
11720	8
11721	8
11722	8
11723	8
11724	8
11725	8
11726	8
11727	8
11728	8
11729	8
11730	8
11731	8
11732	8
11733	8
11734	8
11735	8
11736	8
11737	8
11738	8
11739	8
11740	8
11741	8
11742	8
11743	8
11744	8
11745	8
11746	8
11747	8
11748	8
11749	8
11750	8
11751	8
11752	8
11753	8
11754	8
11755	8
11756	8
11757	8
11758	8
11759	8
11760	8
11761	8
11762	8
11763	8
11764	8
11765	8
11766	8
11767	8
11768	8
11769	8
11770	8
11771	8
11772	8
11773	8
11774	8
11775	8
11776	8
11777	8
11778	8
11779	8
11780	8
11781	8
11782	8
11783	8
11784	8
11785	8
11786	8
11787	8
11788	8
11789	8
11790	8
11791	8
11792	8
11793	8
11794	8
11795	8
11796	8
11797	8
11798	8
11799	8
11800	8
11801	8
11802	8
11803	8
11804	8
11805	8
11806	8
11807	8
11808	8
11809	8
11810	8
11811	8
11812	8
11813	8
11814	8
11815	8
11816	8
11817	8
11818	8
11819	8
11820	8
11821	8
11822	8
11823	8
11824	8
11825	8
11826	8
11827	8
11828	8
11829	8
11830	8
11831	8
11832	8
11833	8
11834	8
11835	8
11836	8
11837	8
11838	8
11839	8
11840	8
11841	8
11842	8
11843	8
11844	8
11845	8
11846	8
11847	8
11848	8
11849	8
11850	8
11851	8
11852	8
11853	8
11854	8
11855	8
11856	8
11857	8
11858	8
11859	8
11860	8
11861	8
11862	8
11863	8
11864	8
11865	8
11866	8
11867	8
11868	8
11869	8
11870	8
11871	8
11872	8
11873	8
11874	8
11875	8
11876	8
11877	8
11878	8
11879	8
11880	8
11881	8
11882	8
11883	8
11884	8
11885	8
11886	8
11887	8
11888	8
11889	8
11890	8
11891	8
11892	8
11893	8
11894	8
11895	8
11896	8
11897	8
11898	8
11899	8
11900	8
11901	8
11902	8
11903	8
11904	8
11905	8
11906	8
11907	8
11908	8
11909	8
11910	8
11911	8
11912	8
11913	8
11914	8
11915	8
11916	8
11917	8
11918	8
11919	8
11920	8
11921	8
11922	8
11923	8
11924	8
11925	8
11926	8
11927	8
11928	8
11929	8
11930	8
11931	8
11932	8
11933	8
11934	8
11935	8
11936	8
11937	8
11938	8
11939	8
11940	8
11941	8
11942	8
11943	8
11944	8
11945	8
11946	8
11947	8
11948	8
11949	8
11950	8
11951	8
11952	8
11953	8
11954	8
11955	8
11956	8
11957	8
11958	8
11959	8
11960	8
11961	8
11962	8
11963	8
11964	8
11965	8
11966	8
11967	8
11968	8
11969	8
11970	8
11971	8
11972	8
11973	8
11974	8
11975	8
11976	8
11977	8
11978	8
